Sample	cutadapt_version	r_processed	r_with_adapters	r_written	bp_processed	quality_trimmed	bp_written	percent_trimmed
DRX275049	2.6	1585969	681492	1585969	118715238	3547089	76372104	35.66781713397231
DRX275050	2.6	1069483	156100	1069483	81487524	165908	76591984	6.007717205887861
SRX063252	2.6	15369396	14035849	15369396	491820672	5943905	471492793	4.1331892206434135
SRX063253	2.6	20441541	20032337	20441541	858544722	11817199	826671169	3.7125093408937175
SRX063254	2.6	20384186	20000597	20384186	856135812	11398963	824716283	3.669923458358964
SRX10864008	2.6	20663676	5806735	20663676	1033183800	1160895	1024110547	0.8781838236333167
SRX10864009	2.6	24072858	6817767	24072858	1203642900	1318904	1193031860	0.8815770856954335
SRX10864010	2.6	22938584	6449437	22938584	1146929200	1278420	1136859002	0.8780139175112117
SRX10864011	2.6	24106384	6776682	24106384	1205319200	1256266	1194797580	0.8729322489843354
SRX10864012	2.6	24090970	6743275	24090970	1204548500	1484651	1193834917	0.889427283334793
SRX10864013	2.6	24100718	6725252	24100718	1205035900	1389909	1194434641	0.8797463212506782
SRX10864014	2.6	22709696	6321996	22709696	1135484800	1349200	1125486606	0.8805220466183254
SRX10864015	2.6	24103119	6741900	24103119	1205155950	1364812	1194513269	0.8830957520476914
SRX10864016	2.6	24100426	6722733	24100426	1205021300	1451486	1194357922	0.8849119928419522
SRX11229889	2.6	25632348	9184654	25632348	3844852200	835306	3780421689	1.675760410244118
SRX11313113	2.6	27695425	9983312	27695425	4154313750	1051787	4083373495	1.7076287268866008
SRX11402692	2.6	24300511	13789091	24300511	3645076650	3552314	3406986788	6.531820448823758
SRX11402693	2.6	34905718	18646753	34905718	5235857700	17553423	4936038351	5.7262700053899485
SRX15590299	2.6	6570183	1991471	6570183	657018300	37493415	616731784	6.131719009957561
SRX15590300	2.6	7240321	2194942	7240321	724032100	41444218	678330196	6.312137818198944
SRX15590301	2.6	7709268	2301137	7709268	770926800	43294110	724440542	6.029918534418573
SRX15590302	2.6	7202205	2212230	7202205	720220500	36614910	679715090	5.624029029998452
SRX15590303	2.6	7262567	2209326	7262567	726256700	40891240	681574136	6.152447750223853
SRX15590304	2.6	7036951	2069149	7036951	703695100	38496664	662333909	5.877714794376144
SRX15590305	2.6	6941341	2130531	6941341	694134100	40178133	650075711	6.3472445742112376
SRX15590306	2.6	6894458	2117606	6894458	689445800	40019174	645333823	6.398179088189384
SRX15590307	2.6	6065989	1830661	6065989	606598900	34657456	569369977	6.1373212183536765
SRX15590308	2.6	7187072	2228940	7187072	718707200	39536299	675024007	6.078023567872981
SRX15590309	2.6	6870817	2120358	6870817	687081700	36719722	646245922	5.943365687079135
SRX15590310	2.6	7045051	2119446	7045051	704505100	37995617	663552193	5.813003624814072
SRX15590311	2.6	7761056	2491854	7761056	776105600	39358726	732194679	5.657853905447919
SRX15590312	2.6	8835840	2904048	8835840	883584000	46811432	831445797	5.900763594632768
SRX15590313	2.6	7932133	2446667	7932133	793213300	43033672	746761086	5.85620715134252
SRX15590314	2.6	7589074	2550032	7589074	758907400	40292169	713590870	5.971285824858211
SRX15590315	2.6	7944482	2510227	7944482	794448200	41447324	749411299	5.668953746764107
SRX15590316	2.6	6655283	2062569	6655283	665528300	32780242	629870102	5.357878545510387
SRX15590317	2.6	7283463	2550245	7283463	728346300	35637713	688324095	5.4949417605334165
SRX15590318	2.6	7090785	2577375	7090785	709078500	32460794	672936101	5.097094186327747
SRX15590319	2.6	7074859	2532236	7074859	707485900	32810944	671101122	5.142827298748993
SRX15630037	2.6	3858658	1163433	3858658	578798700	751050	575881252	0.5040522724048966
SRX15630038	2.6	3992714	1198672	3992714	598907100	81300	596769477	0.3569206309292376
SRX15630039	2.6	3819826	1107575	3819826	572973900	520200	570475070	0.436115851001241
SRX15630040	2.6	4351767	1344973	4351767	652765050	179100	649801118	0.45405801061193457
SRX15630041	2.6	3866739	1167877	3866739	580010850	148650	577219099	0.48132737516893
SRX15630042	2.6	3911455	1258423	3911455	586718250	469950	581467762	0.8948908611586567
SRX15630043	2.6	4437586	1210691	4437586	665637900	497100	662823834	0.4227622856210561
SRX15630044	2.6	3860053	1155555	3860053	579007950	127950	576618900	0.412610914927852
SRX15630045	2.6	3686483	1142026	3686483	552972450	55500	550860145	0.38199100154085436
SRX15630046	2.6	3954824	1207130	3954824	593223600	134400	590762807	0.41481711111965197
SRX15630047	2.6	4276897	1265318	4276897	641534550	175650	639080197	0.38257534220097733
SRX15630048	2.6	3924154	1233576	3924154	588623100	76350	586384137	0.380372941530837
SRX15947806	2.6	9537648	3062936	9537648	486420048	240402	481215883	1.069891140671077
SRX15947807	2.6	12780501	3752682	12780501	651805551	370755	645694918	0.9374932432878282
SRX15947808	2.6	12616750	3807597	12616750	643454250	1596360	636305650	1.1109725361204779
SRX15947809	2.6	9087374	2879447	9087374	463456074	217615	458810730	1.0023267059393421
SRX15947810	2.6	11349970	3858610	11349970	578848470	252969	572807794	1.0435677578969846
SRX15947812	2.6	11690204	3436408	11690204	596200404	1505130	589633024	1.1015390053308316
SRX15947813	2.6	10203070	3376983	10203070	520356570	234066	515341788	0.9637203197030837
SRX15947814	2.6	9519981	3082767	9519981	485519031	232148	480465162	1.0409208861681059
SRX15947815	2.6	8803111	2649590	8803111	448958661	1340356	443817822	1.1450584311146634
SRX15947816	2.6	9875635	2908352	9875635	503657385	320295	498197739	1.0839999893975545
SRX1652180	2.6	25392105	7317935	25392105	1269605250	7829230	1250586396	1.4980131816562667
SRX1655390	2.6	35708317	8406479	35708317	35708317	1465170	25836668	27.645237382652336
SRX1655391	2.6	30000000	6592348	30000000	30000000	1358177	22049475	26.50175
SRX1655392	2.6	30000000	6565823	30000000	30000000	1402144	22032033	26.559890000000003
SRX1655393	2.6	27491888	6093948	27491888	27491888	1391374	20006566	27.227384310601003
SRX1655394	2.6	34007799	7745618	34007799	34007799	1476015	24786166	27.116230015356184
SRX17839586	2.6	14823370	6611918	14823370	2223505500	1585156	2166776927	2.5513124658337927
SRX17839587	2.6	18105300	8096098	18105300	2715795000	94500	2657368473	2.1513599885116514
SRX17839588	2.6	13794681	6831996	13794681	2069202150	79350	2007705581	2.971994253920527
SRX17839589	2.6	18543505	8127078	18543505	2781525750	110400	2724153353	2.0626232563189464
SRX17839590	2.6	21268833	9248958	21268833	3190324950	2203210	3111415262	2.473405977030647
SRX17839591	2.6	19603138	8212386	19603138	2940470700	89700	2875843777	2.197842780749354
SRX18913104	2.6	9618997	5372358	9618997	1442849550	2039456	1320247852	8.497192101560417
SRX18913105	2.6	11029435	6282146	11029435	1654415250	2793548	1514092851	8.481691582569733
SRX18913106	2.6	8872721	5266406	8872721	1330908150	1693183	1197630364	10.01404837741808
SRX18913107	2.6	9463197	4973721	9463197	1419479550	1862914	1307871132	7.862629510935893
SRX18913108	2.6	10178332	5489145	10178332	1526749800	1835746	1406052842	7.9054837930877735
SRX18913109	2.6	11553250	5971333	11553250	1732987500	2752329	1610340240	7.077215502131434
SRX18913110	2.6	8619952	4649244	8619952	1292992800	4644028	1192879086	7.742789751033416
SRX18913111	2.6	8911501	4827054	8911501	1336725150	1661302	1227776710	8.15039950434089
SRX18913112	2.6	11097865	6016024	11097865	1664679750	1992875	1530508748	8.059868692461718
SRX18913113	2.6	9649097	4922795	9649097	1447364550	1419161	1355852044	6.322699143073526
SRX18913114	2.6	9729739	4749872	9729739	1459460850	3027558	1377774143	5.597046813554471
SRX18913115	2.6	9797724	5044921	9797724	1469658600	1952758	1369961071	6.783720314364166
SRX2356912	2.6	10298512	2239647	10298512	514925600	1679896	510200575	0.9176131464429036
SRX2356913	2.6	8726787	1886495	8726787	436339350	1415078	432101274	0.9712798077918025
SRX2356914	2.6	9922316	2125687	9922316	496115800	1559706	491444906	0.9414926918271903
SRX2356915	2.6	11638212	2444040	11638212	581910600	1853519	576754529	0.8860589581973588
SRX2356916	2.6	8493090	1817167	8493090	424654500	1351128	420593304	0.9563529881350603
SRX2356917	2.6	10900565	2343140	10900565	545028250	1759553	539975549	0.927053047250303
SRX2356918	2.6	10419250	2310798	10419250	520962500	1660139	515949972	0.9621667586438563
SRX2356919	2.6	18382592	3990385	18382592	919129600	2859581	911002241	0.8842451597685463
SRX2356920	2.6	13544128	3172770	13544128	677206400	2100382	670592078	0.9767069537440874
SRX2356921	2.6	9558398	2360160	9558398	477919900	1817635	470527855	1.5467121164027697
SRX2356922	2.6	12383206	2965171	12383206	619160300	2195825	611963497	1.1623489102902755
SRX2356923	2.6	11502466	2609449	11502466	575123300	1928335	569481611	0.9809529539144041
SRX2356924	2.6	11375156	2602147	11375156	568757800	2375925	562221885	1.1491561082766688
SRX2356925	2.6	11218501	2483261	11218501	560925050	2334174	555028040	1.0513008823549599
SRX2356926	2.6	14299063	3297072	14299063	714953150	2908389	706306409	1.2094136517896312
SRX2356927	2.6	11509315	2544046	11509315	575465750	2415276	569183136	1.0917442089298972
SRX2356928	2.6	13139020	2969832	13139020	656951000	2613055	649945616	1.0663480229119067
SRX2356929	2.6	15189499	3389237	15189499	759474950	3027373	751784724	1.0125713823740994
SRX2356930	2.6	12104059	2689918	12104059	605202950	2385215	598644704	1.0836440899701496
SRX2356931	2.6	12868733	2839237	12868733	643436650	2562770	636546297	1.0708673495673584
SRX2356932	2.6	13811308	3257482	13811308	690565400	2783243	681127270	1.366725005336207
SRX2356933	2.6	16305249	3612281	16305249	815262450	3624280	806283528	1.1013535579861429
SRX2356934	2.6	15476359	3597060	15476359	773817950	3379287	764314966	1.228064559629303
SRX2356935	2.6	10717554	2428292	10717554	535877700	2202212	530154009	1.068096507841248
SRX259777	2.6	40069177	11011013	40069177	4046986877	713580046	3269322771	19.215879112918607
SRX259778	2.6	26825475	7227552	26825475	2709372975	460350999	2211987508	18.357954832704422
SRX259779	2.6	28738610	7920155	28738610	2902599610	482628812	2364911719	18.52435620633188
SRX259780	2.6	31569624	8669006	31569624	3188532024	551436682	2586173647	18.89140119861001
SRX259781	2.6	16552481	4788416	16552481	1671800581	266646103	1367834121	18.18198076101757
SRX259782	2.6	16165712	4448040	16165712	1632736912	263957640	1351439662	17.228571727176092
SRX259783	2.6	31519820	9452309	31519820	3183501820	565229526	2522328807	20.768733626795914
SRX259784	2.6	21995675	6752360	21995675	2221563175	407176744	1737383123	21.794565981676392
SRX259785	2.6	26841587	7734157	26841587	2711000287	528496669	2134193122	21.27654385600587
SRX259786	2.6	74021944	21517646	74021944	7476216344	1660802824	5590420103	25.22393887803202
SRX259787	2.6	46857767	13799118	46857767	4732634467	872151076	3724272494	21.306567833014938
SRX259788	2.6	60204551	16916544	60204551	6080659651	1254428958	4718086939	22.40830420061279
SRX259789	2.6	16475592	5105869	16475592	1664034792	164850179	1465369714	11.938757467998903
SRX259790	2.6	11325835	4390340	11325835	1143909335	150673589	876643195	23.364276505357832
SRX259791	2.6	33450692	11455490	33450692	3378519892	402602684	2776205859	17.827748607495842
SRX259792	2.6	18703355	9409621	18703355	1889038855	319722448	1176691052	37.70953684274536
SRX259793	2.6	23108719	11770597	23108719	2333980619	353523188	1461397183	37.386061773463254
SRX3159653	2.6	14911780	4631709	14911780	745589000	2030234	735130269	1.4027474922510927
SRX3159654	2.6	18769338	5744779	18769338	938466900	2416300	926906945	1.2317914462406718
SRX3159655	2.6	16627313	5090015	16627313	831365650	2374312	819806889	1.390334204931368
SRX3159656	2.6	10827488	3387592	10827488	541374400	1335236	533469519	1.4601504984350941
SRX3159657	2.6	12286581	3726881	12286581	614329050	1893957	606342710	1.3000101492840035
SRX3159658	2.6	13874664	4291609	13874664	693733200	1905966	682255583	1.654471344315077
SRX3159659	2.6	16938257	5265181	16938257	846912850	2702067	833303314	1.6069582602271297
SRX3159660	2.6	16587665	4620732	16587665	829383250	1977114	819582948	1.1816373190560576
SRX3159661	2.6	18128276	5608059	18128276	906413800	1219173	894901850	1.2700545821345615
SRX3159662	2.6	21252494	6466291	21252494	1062624700	1677632	1050727676	1.1195885057066712
SRX3159663	2.6	17171120	5363330	17171120	858556000	1181115	847027861	1.3427358262012028
SRX3159664	2.6	19459621	6077008	19459621	972981050	1232795	961504007	1.1795751828876833
SRX3159665	2.6	16040799	4885286	16040799	802039950	1073076	792598775	1.1771452282395658
SRX3159666	2.6	17278594	5213264	17278594	863929700	1151931	854826073	1.0537462712533208
SRX3159667	2.6	13327653	4047112	13327653	666382650	753736	659748892	0.9954878026911415
SRX3159668	2.6	17028987	5314804	17028987	851449350	969771	840521817	1.283403763242053
SRX3172761	2.6	9648458	3160308	9648458	482422900	1782718	472179931	2.1232344069902154
SRX3172762	2.6	13333991	4345323	13333991	666699550	2572531	653089195	2.041452555352707
SRX3172763	2.6	15104219	4748235	15104219	755210950	2759409	743803301	1.5105248407746206
SRX3172764	2.6	16923984	5473175	16923984	846199200	3478644	829690460	1.950928339331921
SRX3172765	2.6	14040791	4308137	14040791	702039550	2992256	691433162	1.510796364677745
SRX3172766	2.6	13107597	4216419	13107597	655379850	2519349	644509958	1.6585636558707137
SRX3176780	2.6	16703814	5177701	16703814	835190700	713885	826651418	1.0224349959835521
SRX3176781	2.6	15219015	4747139	15219015	760950750	594405	752966456	1.049252399054735
SRX3176782	2.6	10893187	3427523	10893187	544659350	396499	539164984	1.0087710786567787
SRX3176783	2.6	17146733	5265388	17146733	857336650	697051	848481329	1.0328872561321156
SRX3176784	2.6	14669490	4467282	14669490	733474500	653877	726059406	1.010954573062867
SRX3176785	2.6	16892576	5376595	16892576	844628800	659850	836104239	1.0092671478879243
SRX3176786	2.6	12604460	3940096	12604460	630223000	659414	623799026	1.0193176066249565
SRX3176787	2.6	12288862	3993082	12288862	614443100	602794	608275544	1.0037635706219177
SRX3176788	2.6	15394420	4931642	15394420	769721000	1297937	760726807	1.1685004046920897
SRX3176789	2.6	10865195	3301318	10865195	543259750	446902	537941282	0.9789917254131195
SRX3176790	2.6	15708983	4764935	15708983	785449150	670818	777580351	1.00182156922571
SRX3176791	2.6	11620415	3670090	11620415	581020750	511030	572767434	1.4204855850673148
SRX3176792	2.6	10028620	3099325	10028620	501431000	464379	495187210	1.2451942540449235
SRX3176793	2.6	13707700	4253402	13707700	685385000	653661	677141340	1.2027780006857458
SRX3176794	2.6	17654626	5345670	17654626	882731300	1043453	873235778	1.075697893571917
SRX3176795	2.6	13894197	4233018	13894197	694709850	545693	687557772	1.029505771366276
SRX3176796	2.6	21507478	6683323	21507478	1075373900	1055618	1062275351	1.218046021016504
SRX3176797	2.6	15363622	4835124	15363622	768181100	529304	760741964	0.9684091420629849
SRX3176798	2.6	9024779	2786986	9024779	451238950	728193	445922402	1.1782112337598516
SRX3176799	2.6	8272300	2585203	8272300	413615000	656820	408566189	1.2206547151336389
SRX3176800	2.6	9228198	2838668	9228198	461409900	680137	456197026	1.1297707309704452
SRX3176801	2.6	9039329	3052403	9039329	451966450	747695	442669020	2.0571062298982588
SRX3176802	2.6	7662295	2465935	7662295	383114750	584807	376889133	1.6250006036050555
SRX3176803	2.6	7920633	2580514	7920633	396031650	565339	391616073	1.11495558498923
SRX3176804	2.6	11945294	4093013	11945294	597264700	807958	588136581	1.5283205252210619
SRX3176805	2.6	10630626	3733433	10630626	531531300	579289	524606126	1.3028722861664026
SRX3176806	2.6	7894546	2469379	7894546	394727300	464839	389197547	1.400904624534457
SRX3176807	2.6	10435731	3091512	10435731	521786550	3721588	512336896	1.8110190843363059
SRX3176808	2.6	12815102	3856014	12815102	640755100	4475887	624605334	2.5204272271886716
SRX3176809	2.6	11416675	3410085	11416675	570833750	3771243	559663949	1.9567520315678604
SRX3176810	2.6	21721649	6186077	21721649	1086082450	6823279	1069683337	1.5099326022623787
SRX3176811	2.6	14015397	4470960	14015397	700769850	4441783	669316432	4.488409140319036
SRX3176812	2.6	23072779	6815514	23072779	1153638950	7297931	1128085325	2.2150452704461823
SRX3176813	2.6	12664906	3757764	12664906	633245300	3961393	618953307	2.256944188926471
SRX3176814	2.6	12438694	3630979	12438694	621934700	3399604	612212279	1.5632543094958362
SRX3176815	2.6	13774421	4097732	13774421	688721050	2774086	677221850	1.6696454972590136
SRX3211301	2.6	7891202	2364223	7891202	394560100	153092	391024605	0.8960599411851325
SRX3211302	2.6	8382685	2634350	8382685	419134250	187452	414699882	1.0579827346488624
SRX3211303	2.6	7991539	2481387	7991539	399576950	149907	395873840	0.9267576620723493
SRX3211304	2.6	8905157	2597794	8905157	445257850	170488	441087930	0.9365180198395155
SRX3211305	2.6	10596450	3064511	10596450	529822500	249098	522696597	1.3449604348626192
SRX3211306	2.6	7706914	2381952	7706914	385345700	154729	381355584	1.0354640002470508
SRX3211307	2.6	10511432	3189717	10511432	525571600	189175	520750224	0.9173585482929443
SRX3211308	2.6	9069077	2850265	9069077	453453850	187891	448609578	1.068305407485238
SRX3211309	2.6	9122823	2826210	9122823	456141150	186530	451592946	0.9971045146880522
SRX3211310	2.6	7489968	2350765	7489968	374498400	202845	369979013	1.206784061026696
SRX3211311	2.6	9903726	3060238	9903726	495186300	205729	490613347	0.9234813240996368
SRX3211312	2.6	7615297	2376387	7615297	380764850	191150	375913782	1.274032516394305
SRX3211313	2.6	9427609	2896088	9427609	471380450	191941	467036744	0.9214862432245545
SRX3211314	2.6	9463052	2988382	9463052	473152600	221641	467134577	1.2718989602931485
SRX3211315	2.6	11501570	3503457	11501570	575078500	290630	569547816	0.9617267903425357
SRX3211316	2.6	10916343	3515061	10916343	545817150	243406	536466515	1.7131442278792448
SRX3211317	2.6	12836949	3944245	12836949	641847450	239593	635919349	0.9235996808899062
SRX3211318	2.6	10003585	3155439	10003585	500179250	205112	493810069	1.2733796933799233
SRX3211319	2.6	13218632	3942358	13218632	660931600	261751	654657431	0.949291727010783
SRX3211320	2.6	9171499	2837333	9171499	458574950	225984	451305465	1.5852337769431148
SRX3211321	2.6	7474725	2223867	7474725	373736250	102414	370381492	0.8976271367842964
SRX3211322	2.6	10992595	3330917	10992595	549629750	166653	543755108	1.068836248401765
SRX3211323	2.6	5847952	1754869	5847952	292397600	77532	289803546	0.8871666525306637
SRX3211324	2.6	4358556	1338331	4358556	217927800	96376	215637754	1.0508278429828595
SRX3211325	2.6	6172768	1872139	6172768	308638400	85985	305603247	0.9834009637167638
SRX3211326	2.6	9272494	2721762	9272494	463624700	97831	458424436	1.1216537859177909
SRX3211327	2.6	7530727	2297206	7530727	376536350	117698	373142465	0.9013432567665778
SRX3211328	2.6	8395617	2345380	8395617	419780850	92764	415995557	0.9017307483178425
SRX3211329	2.6	6183163	1892019	6183163	309158150	89921	306356811	0.906118438087432
SRX3211330	2.6	5321335	1678684	5321335	266066750	55959	263204292	1.0758420584308261
SRX3211331	2.6	6046650	1863263	6046650	302332500	90700	299509687	0.93367831774619
SRX3211332	2.6	7658916	2408672	7658916	382945800	96851	377780872	1.3487360352300508
SRX3211333	2.6	6408183	1971829	6408183	320409150	125454	317423476	0.9318316908240605
SRX3211334	2.6	8144866	2654652	8144866	407243300	92038	402342087	1.2035097937768406
SRX3211335	2.6	7034113	2278894	7034113	351705650	91776	348301304	0.9679531733425379
SRX3211336	2.6	6676557	2101843	6676557	333827850	133624	329638583	1.2549183658583307
SRX3211337	2.6	7191101	2204497	7191101	359555050	130597	356209682	0.9304188607558148
SRX3211338	2.6	9717654	2909773	9717654	485882700	186096	481034685	0.9977747715652359
SRX3211339	2.6	8587546	2585754	8587546	429377300	160876	425503044	0.9022964185577579
SRX3211340	2.6	8513652	2573953	8513652	425682600	274711	421099037	1.0767560149275541
SRX3211341	2.6	9587190	2870518	9587190	479359500	176873	475044448	0.900170331452699
SRX3211342	2.6	8242414	2497566	8242414	412120700	202795	407622935	1.0913708047181323
SRX3211343	2.6	9281711	2916159	9281711	464085550	184483	459378617	1.014238215346287
SRX3211344	2.6	5248015	1647459	5248015	262400750	150448	259798888	0.9915604280856668
SRX3211345	2.6	8945138	2802356	8945138	447256900	184240	441824926	1.2145087085297064
SRX3211346	2.6	8780350	2716185	8780350	439017500	169334	434880234	0.9423920458751645
SRX3211347	2.6	8012684	2324686	8012684	400634200	75163	396793629	0.9586228534658299
SRX3211348	2.6	8497514	2591747	8497514	424875700	109739	420857724	0.9456827020232036
SRX3211349	2.6	10515376	3297581	10515376	525768800	101942	520411811	1.0188868186929312
SRX3211350	2.6	7924537	2464667	7924537	396226850	103053	392624266	0.9092225829723555
SRX3211351	2.6	7135837	2118796	7135837	356791850	140342	352889119	1.0938397275610416
SRX3211352	2.6	7339018	2304792	7339018	366950900	88477	363555724	0.9252398617907736
SRX3211353	2.6	8596082	2740642	8596082	429804100	139778	424395296	1.2584347147921577
SRX3211354	2.6	7364811	2378648	7364811	368240550	94487	364697969	0.9620290323811432
SRX3211355	2.6	7655733	2400547	7655733	382786650	103339	376416526	1.664144765759203
SRX3211356	2.6	6415983	1980147	6415983	320799150	110117	317710147	0.9629087234177522
SRX3211357	2.6	8357692	2585022	8357692	417884600	98364	412337560	1.3274095288507881
SRX3211358	2.6	7953940	2421773	7953940	397697000	112864	394034516	0.9209232154127389
SRX3211359	2.6	9534363	2941620	9534363	476718150	137539	470305889	1.3450843019087904
SRX3211360	2.6	8234970	2517302	8234970	411748500	108375	408031139	0.9028232039703848
SRX3312459	2.6	11883392	3645483	11883392	594169600	685528	586860003	1.2302206306078265
SRX3312460	2.6	11526816	3468640	11526816	576340800	608950	570327016	1.0434423521638587
SRX3312461	2.6	13749738	4177478	13749738	687486900	587032	679982733	1.0915359987223028
SRX3312462	2.6	12961510	3878110	12961510	648075500	634453	641359821	1.036249480191737
SRX3312463	2.6	13282490	4032725	13282490	664124500	672822	656493979	1.148959419506433
SRX3312464	2.6	17158758	5296106	17158758	857937900	982065	848520231	1.0977098692108136
SRX3312465	2.6	11728914	3572111	11728914	586445700	1388178	579500742	1.1842457025433046
SRX3312466	2.6	9346598	2844118	9346598	467329900	639925	462363810	1.0626518868148602
SRX3312467	2.6	12069817	3583916	12069817	603490850	1043308	596805962	1.1077032899504606
SRX3312468	2.6	10765492	3203799	10765492	538274600	524330	533034217	0.973551975144285
SRX3312469	2.6	12610356	3760473	12610356	630517800	660660	624125707	1.0137847020337887
SRX3312470	2.6	25812370	7618232	25812370	1290618500	1288110	1277761519	0.9961875643344645
SRX3312471	2.6	17215541	5102636	17215541	860777050	1116026	850769408	1.1626288131171714
SRX3312472	2.6	17557964	5292934	17557964	877898200	1349112	864260753	1.5534200890262675
SRX3312473	2.6	14221207	4276872	14221207	711060350	1416827	700413444	1.4973280397367115
SRX3312474	2.6	11745261	3544948	11745261	587263050	605565	572607361	2.4955918816959453
SRX3312475	2.6	13422390	4022675	13422390	671119500	730604	663098519	1.1951643485251136
SRX3312476	2.6	11363112	3329286	11363112	568155600	541948	560961055	1.266298352071158
SRX3312477	2.6	5718671	1780596	5718671	285933550	316454	280690345	1.8337145116409042
SRX3312478	2.6	7335142	2365108	7335142	366757100	251088	359795337	1.8981944725814444
SRX3312479	2.6	8656998	2839751	8656998	432849900	307571	423653781	2.1245514900199813
SRX3312480	2.6	8903099	2887307	8903099	445154950	565831	433160517	2.69443999218699
SRX3312481	2.6	9926005	3217759	9926005	496300250	290224	489762689	1.3172592598935824
SRX3312482	2.6	7046709	2156134	7046709	352335450	855109	343037289	2.639008081644921
SRX3312483	2.6	9259704	3067665	9259704	462985200	292758	455293109	1.6614118550657773
SRX3312484	2.6	9547792	3121778	9547792	477389600	373945	467969385	1.9732761249930872
SRX3312485	2.6	11252905	3601671	11252905	562645250	363952	550243077	2.204261566235563
SRX3312486	2.6	10164707	3153514	10164707	508235350	567287	498643024	1.8873787508090494
SRX3312487	2.6	8480856	2848666	8480856	424042800	373406	411766149	2.895144310904465
SRX3312488	2.6	9936081	3002443	9936081	496804050	369843	489995509	1.3704680950165362
SRX3312489	2.6	7914507	2345815	7914507	395725350	338956	391178406	1.1490150934227488
SRX3312490	2.6	9304771	2749624	9304771	465238550	344873	459200121	1.2979210342737075
SRX3312491	2.6	3426366	1026454	3426366	171318300	168041	168164267	1.8410368302744073
SRX3312492	2.6	22980793	6780783	22980793	1149039650	1151874	1132904730	1.4042091584916152
SRX3312493	2.6	10513016	3087917	10513016	525650800	368681	518170803	1.4229973587027738
SRX3312494	2.6	6192125	1855393	6192125	309606250	248047	304183922	1.7513625774673476
SRX359366	2.6	13660580	3367657	13660580	696689580	683947	688728888	1.1426454806457704
SRX359367	2.6	12018370	2842674	12018370	612936870	548624	607587921	0.8726753539887395
SRX359368	2.6	11935064	2729841	11935064	608688264	577570	604029800	0.7653283750514368
SRX359369	2.6	14202263	3246331	14202263	724315413	653459	718745309	0.7690163566904519
SRX359370	2.6	11456135	2694949	11456135	584262885	516131	579040700	0.8938074168445597
SRX359371	2.6	12173405	2795442	12173405	620843655	578648	615880438	0.7994310580495503
SRX359372	2.6	9586421	2226385	9586421	488907471	472079	484878440	0.8240886545994303
SRX359373	2.6	11591498	2657904	11591498	591166398	564680	586406556	0.805161121488505
SRX359374	2.6	12656905	2894637	12656905	645502155	587037	640542044	0.7684112224226424
SRX359375	2.6	11791911	2643180	11791911	601387461	515481	597073996	0.7172522341632261
SRX359376	2.6	10505596	2383470	10505596	535785396	492799	531473627	0.8047567239029411
SRX359377	2.6	11572325	2568566	11572325	590188575	560501	585650792	0.7688700175194005
SRX359378	2.6	10314218	2452388	10314218	526025118	494284	521115834	0.9332793876204216
SRX359379	2.6	9545489	2229358	9545489	486819939	467060	482720050	0.8421777071049672
SRX359380	2.6	10394961	2476568	10394961	530143011	593287	525018301	0.9666655777152178
SRX359381	2.6	9956083	2307553	9956083	507760233	495438	503587652	0.8217620697365641
SRX359382	2.6	12250324	2898440	12250324	624766524	555276	619150505	0.8988988340866996
SRX359383	2.6	12167077	2860619	12167077	620520927	594348	615115070	0.8711804493259259
SRX4105497	2.6	13566664	4192626	13566664	678333200	2372853	668923131	1.387234031888753
SRX4105498	2.6	18071214	5520303	18071214	903560700	3004699	892642696	1.2083309953609094
SRX4105499	2.6	12689107	3811215	12689107	634455350	2223659	626529936	1.2491681250697941
SRX4105500	2.6	28711730	9233342	28711730	1435586500	5054375	1416077546	1.3589535705441644
SRX4105501	2.6	12954330	3971675	12954330	647716500	2226257	639268358	1.3042962468919659
SRX4105502	2.6	20595775	6397589	20595775	1029788750	3463960	1015841143	1.3544143883879096
SRX4105503	2.6	20960679	6571690	20960679	1048033950	3457090	1033021160	1.4324717247947931
SRX4105504	2.6	18237617	5614174	18237617	911880850	3609581	899148459	1.3962779238098924
SRX4105505	2.6	14423625	4390152	14423625	721181250	2528681	711489916	1.34381391640451
SRX4105506	2.6	4950647	1900499	4950647	247532350	525110	221888156	10.359936388112503
SRX4105507	2.6	4384745	1719924	4384745	219237250	439658	193335193	11.814624111550387
SRX4105508	2.6	11279273	3637260	11279273	563963650	2015775	556089451	1.3962245616361977
SRX4105509	2.6	10788879	3295892	10788879	539443950	1866693	532699323	1.2502924539240825
SRX4105510	2.6	16270034	4929051	16270034	813501700	2850437	803341154	1.248988908074808
SRX4105511	2.6	3268961	340002	3268961	242840345	788703	241250105	0.6548500003160513
SRX4105512	2.6	4494136	387871	4494136	333181978	1604993	330877155	0.6917610051525657
SRX4105513	2.6	4078338	459582	4078338	302549057	388745	301495272	0.3483021928572727
SRX4105514	2.6	5148588	485820	5148588	381425833	471030	380275804	0.3015078949830857
SRX4105515	2.6	3473283	397753	3473283	257347134	241703	256574318	0.30030099344335426
SRX4105516	2.6	4800151	488481	4800151	357077910	359046	356056297	0.2861036685243285
SRX4105517	2.6	18332347	6077415	18332347	916617350	10231207	895799386	2.27117280727885
SRX4105518	2.6	15136095	5127891	15136095	756804750	808219	721405237	4.677496144150787
SRX4105519	2.6	2411178	780667	2411178	120558900	164143	116602720	3.2815329270588895
SRX4105520	2.6	13630567	4475491	13630567	681528350	7562828	667130905	2.1125232721426777
SRX4105521	2.6	9680868	3263730	9680868	484043400	5615017	473103413	2.2601252284402595
SRX4105522	2.6	17852537	5726644	17852537	892626850	9741833	873322909	2.1625991868830745
SRX4105523	2.6	11049972	3596555	11049972	552498600	6232871	540197484	2.226451976529895
SRX4105524	2.6	13300347	4357458	13300347	665017350	7438296	650323788	2.2095005491210116
SRX4105525	2.6	12315401	4111795	12315401	615770050	1218992	607015717	1.4216886644616769
SRX4105526	2.6	21900022	6719335	21900022	1095001100	2333639	1075032321	1.8236309534300925
SRX4105527	2.6	17827079	5272409	17827079	891353950	1869677	880821484	1.1816255484142972
SRX4105528	2.6	17358360	5276238	17358360	867918000	1983878	856742758	1.2875919153652764
SRX4105529	2.6	20916749	6365035	20916749	1045837450	2207312	1032290084	1.295360574437261
SRX4105530	2.6	24558709	7540347	24558709	1227935450	2636810	1208200763	1.6071436816976006
SRX4105531	2.6	5339157	1796576	5339157	266957850	419672	257177202	3.663742422258795
SRX4105532	2.6	3156162	1070630	3156162	157808100	159814	151199821	4.187541070452023
SRX4105533	2.6	16257562	5368377	16257562	812878100	1602457	799740429	1.6161920219034072
SRX4105534	2.6	8244829	2955194	8244829	412241450	568766	380654030	7.662359037403929
SRX4105535	2.6	7224940	2628371	7224940	361247000	745550	330464346	8.521220660656006
SRX4105536	2.6	15590917	4626968	15590917	779545850	1702486	769637022	1.2711026554756208
SRX4105537	2.6	9117939	2787858	9117939	455896950	1018562	449800957	1.3371427468422414
SRX4105538	2.6	18452104	5564529	18452104	922605200	2062336	911525029	1.2009655917829207
SRX4105539	2.6	12077848	3718258	12077848	603892400	1286890	594606455	1.5376820440197625
SRX4105540	2.6	18212672	6707518	18212672	910633600	2248767	866886643	4.80401305201126
SRX4105541	2.6	926185	151293	926185	68294666	1233672	60912558	10.809201409667924
SRX4105542	2.6	3073202	277427	3073202	226653348	327585	222713094	1.7384495021886905
SRX4105543	2.6	2930160	428218	2930160	216170840	466748	201627954	6.727496641082581
SRX4105544	2.6	2588064	272473	2588064	191453327	196682	187350751	2.1428596014944157
SRX4105545	2.6	3341653	307840	3341653	246682675	489680	244119845	1.0389177107796486
SRX4105546	2.6	3223445	304111	3223445	238706200	528861	235143659	1.4924375655094002
SRX4105547	2.6	14501627	4707457	14501627	725081350	8007822	709204023	2.18973043507463
SRX4105548	2.6	17159377	5638278	17159377	857968850	9047658	839624954	2.1380608398545005
SRX4105549	2.6	8555852	2806619	8555852	427792600	843924	414333722	3.1461222096875914
SRX4105550	2.6	13752960	4488408	13752960	687648000	7848356	672839431	2.153510080738983
SRX4105551	2.6	4619401	1559129	4619401	230970050	344993	222368739	3.7239940849473774
SRX4105552	2.6	16450782	5248263	16450782	822539100	8922702	805113878	2.11846731662969
SRX4105553	2.6	14541575	4791639	14541575	727078750	8460920	711111880	2.196030347469239
SRX4105554	2.6	13161952	4245043	13161952	658097600	7156954	642704482	2.3390326905917904
SRX4105555	2.6	3504605	432784	3504605	258890338	516112	247293994	4.479249434175485
SRX4105556	2.6	891757	171619	891757	65879686	664302	56999141	13.479944333675178
SRX4105557	2.6	3450089	306039	3450089	255924164	244379	254843436	0.4222844701760948
SRX4105558	2.6	2565990	237868	2565990	189833690	131038	188402381	0.7539804973500752
SRX4105559	2.6	3196009	385705	3196009	235333584	763755	224972649	4.402658908216007
SRX4105560	2.6	2620262	313838	2620262	193806621	8670479	174794720	9.809727295126827
SRX4105561	2.6	14182011	4688632	14182011	709100550	7878085	685096311	3.385167167054094
SRX4105562	2.6	12169171	3977481	12169171	608458550	6734342	594658020	2.2681134154495814
SRX4105563	2.6	13221228	4155948	13221228	661061400	6642051	647259202	2.0878844234438736
SRX4105564	2.6	10715824	3340838	10715824	535791200	5507006	522357944	2.5071811556442136
SRX4105565	2.6	13619396	4283312	13619396	680969800	7271207	648036111	4.836292152750386
SRX4105566	2.6	14789484	4787431	14789484	739474200	7835328	720523916	2.5626700701660723
SRX4105567	2.6	13229291	4362598	13229291	661464550	7169912	641950249	2.9501658100951897
SRX4105568	2.6	15242591	5057840	15242591	762129550	7908762	735999813	3.4285164510416895
SRX5055969	2.6	11692556	6168085	11692556	1180948156	8289157	1016611965	13.915614344716415
SRX5055970	2.6	11573236	6236992	11573236	1168896836	24037791	956874280	18.138688502703758
SRX5055971	2.6	11312587	6288441	11312587	1142571287	8381568	959781396	15.998116973510118
SRX5055972	2.6	10096137	4862770	10096137	1019709837	16133217	889394103	12.77968783584462
SRX689242	2.6	1167972	313952	1167972	59566572	394720	56975830	4.349321965346604
SRX7119038	2.6	11692556	5890390	11692556	1180948156	20645450	1010360499	14.444974246608671
SRX7119039	2.6	11573236	6236992	11573236	1168896836	24037791	956874280	18.138688502703758
SRX7119040	2.6	9949625	5497682	9949625	1004912125	10784985	828467066	17.558257544160888
SRX7119041	2.6	11561646	5676598	11561646	1167726246	9036964	1026463245	12.097270356292052
SRX8650808	2.6	43355404	1474206	43355404	3265411421	856797	3262747414	0.0815825835258509
UV_control_1	2.6	12780501	3752682	12780501	651805551	370755	645694918	0.9374932432878282
UV_control_2	2.6	9087374	2879447	9087374	463456074	217615	458810730	1.0023267059393421
UV_control_3	2.6	11690204	3906140	11690204	596200404	274275	590201606	1.006171408095859
UV_exposure_2	2.6	12616750	4059709	12616750	643454250	311084	636598519	1.065457412084853
UV_exposure_3	2.6	11349970	3309754	11349970	578848470	1376820	572671004	1.0671991583565903
dark_4h_0110_KO_1	2.6	13365428	4195893	13365428	681636828	1356835	673756498	1.1560892364225366
dark_4h_0110_KO_2	2.6	11123179	3474675	11123179	567282129	344772	561476610	1.0233918368332735
dark_4h_0616_KO_1	2.6	10475440	3239907	10475440	534247440	1406369	528208512	1.130361616707045
dark_4h_0616_KO_2	2.6	12470397	3811741	12470397	635990247	346078	630177491	0.9139693615458855
dark_4h_1684_KO_1	2.6	10199103	3261662	10199103	520154253	287998	514420839	1.1022526427367305
dark_4h_1684_KO_2	2.6	7653084	2420076	7653084	390307284	981467	385145819	1.3224106265974784
km_LL_1	2.6	11768207	3680353	11768207	600178557	891873	593395062	1.1302461443986576
km_LL_2	2.6	12942231	3980942	12942231	660053781	1136743	653090039	1.0550264539731498
km_dark_4h_1	2.6	9934978	3325445	9934978	506683878	1043884	499008980	1.5147310449850153
km_dark_4h_2	2.6	12945821	4082816	12945821	660236871	461590	651704263	1.2923555733984449
light_0110_KO_1	2.6	12317661	3868570	12317661	628200711	324490	621803091	1.0184038139364664
light_0110_KO_2	2.6	13711958	4173322	13711958	699309858	1582915	691710972	1.0866264665183656
light_0616_KO_1	2.6	9584803	2984276	9584803	488824953	1380867	483127953	1.1654478694339485
light_0616_KO_2	2.6	12942738	3892832	12942738	660079638	383003	653860506	0.942179040523592
light_1684_KO_1	2.6	14216602	4323508	14216602	725046702	1348342	717389591	1.0560852120116255
light_1684_KO_2	2.6	10508725	3251413	10508725	535944975	251842	530713062	0.976203387297362
post_uv_2hrs_1	2.6	10203070	3376983	10203070	520356570	234066	515341788	0.9637203197030837
post_uv_2hrs_2	2.6	8803111	2649590	8803111	448958661	1340356	443817822	1.1450584311146634
post_uv_2hrs_3	2.6	9875635	2908352	9875635	503657385	320295	498197739	1.0839999893975545
post_uv_control_1	2.6	9519981	3082767	9519981	485519031	232148	480465162	1.0409208861681059
post_uv_control_2	2.6	11189687	3346240	11189687	570674037	2142860	563707367	1.2207792099012207
wt_LL_1	2.6	9009004	2808330	9009004	459459204	646006	454718034	1.0319022796200203
wt_LL_2	2.6	10386850	3311471	10386850	529729350	310730	524046328	1.0728161465850439
wt_dark_4h_1	2.6	11953769	3722615	11953769	609642219	400117	602472991	1.1759730177086047
wt_dark_4h_2	2.6	10608746	3451249	10608746	541046046	965398	534232088	1.2594044537200075
