Sample	Assigned	Unassigned: r RNA	Unassigned: Unmapped	Unassigned: Fragment Length	Unassigned: No Features	Unassigned: Overlapping Length	Unassigned: Ambiguity
DRX275049	80404.0	300.0	919259.0	640.0	2603.0	6084.0	2003.0
DRX275050	829768.0	3178.0	56916.0	8331.0	24521.0	59412.0	22126.0
SRX063252	554253.0	4470360.0	5327717.0	0.0	4792888.0	19524.0	378.0
SRX063253	38492.0	416146.0	19485962.0	0.0	284039.0	1567.0	20.0
SRX063254	36823.0	401991.0	19457854.0	0.0	274780.0	1528.0	21.0
SRX10864008	13232940.0	267.0	260797.0	0.0	6713385.0	437115.0	18067.0
SRX10864009	15643315.0	92.0	270013.0	0.0	7607726.0	528203.0	22134.0
SRX10864010	14767249.0	314.0	307916.0	0.0	7351585.0	490447.0	19868.0
SRX10864011	14726746.0	441.0	539253.0	0.0	8350577.0	469116.0	18279.0
SRX10864012	14490224.0	1281.0	577801.0	0.0	8526163.0	475307.0	17926.0
SRX10864013	14596145.0	412.0	560304.0	0.0	8452776.0	470623.0	18275.0
SRX10864014	12505897.0	224.0	560951.0	0.0	9242749.0	383642.0	14395.0
SRX10864015	13155217.0	172.0	547558.0	0.0	9965809.0	417390.0	15054.0
SRX10864016	13193587.0	101.0	536567.0	0.0	9938040.0	415130.0	14968.0
SRX11229889	17633491.0	600258.0	2138998.0	45156.0	4513091.0	637876.0	57283.0
SRX11313113	13604269.0	731651.0	4992744.0	56431.0	7841487.0	426751.0	30082.0
SRX11402692	5808753.0	1603207.0	2248801.0	108404.0	14088680.0	297073.0	6371.0
SRX11402693	9359599.0	2813466.0	3048445.0	124549.0	18739704.0	487833.0	11975.0
SRX15590299	4660541.0	26418.0	122164.0	0.0	1295472.0	292921.0	4887.0
SRX15590300	5112274.0	23793.0	131967.0	0.0	1445305.0	325093.0	2526.0
SRX15590301	5757946.0	33721.0	122809.0	0.0	1246156.0	354654.0	6239.0
SRX15590302	230991.0	125.0	137536.0	0.0	6627115.0	47014.0	99.0
SRX15590303	193026.0	214.0	148394.0	0.0	6687929.0	41268.0	72.0
SRX15590304	3944642.0	36911.0	1442515.0	0.0	1182370.0	261152.0	2016.0
SRX15590305	4795565.0	26374.0	135612.0	0.0	1487148.0	309003.0	4425.0
SRX15590306	4803643.0	30630.0	144382.0	0.0	1408501.0	307954.0	4494.0
SRX15590307	4364684.0	24317.0	121607.0	0.0	1124702.0	277119.0	4344.0
SRX15590308	4823784.0	35881.0	139625.0	0.0	1674795.0	322225.0	4378.0
SRX15590309	4672498.0	45019.0	159099.0	0.0	1519912.0	301135.0	4171.0
SRX15590310	4501510.0	29658.0	543344.0	0.0	1479406.0	327069.0	1789.0
SRX15590311	4527930.0	26279.0	158335.0	0.0	2567919.0	294453.0	5773.0
SRX15590312	4811606.0	56025.0	218474.0	0.0	3215175.0	302497.0	5896.0
SRX15590313	5021690.0	25671.0	143826.0	0.0	2221082.0	320272.0	6399.0
SRX15590314	3901846.0	22200.0	164224.0	0.0	3044091.0	255226.0	4546.0
SRX15590315	5026656.0	138931.0	162928.0	0.0	2151143.0	282640.0	5138.0
SRX15590316	4401988.0	14469.0	126000.0	0.0	1691516.0	288440.0	5253.0
SRX15590317	3169496.0	58024.0	149683.0	0.0	3532563.0	202738.0	4050.0
SRX15590318	2565358.0	53388.0	152723.0	0.0	3999507.0	174403.0	3420.0
SRX15590319	2862428.0	30460.0	137787.0	0.0	3704060.0	192117.0	3986.0
SRX15630037	1168497.0	242389.0	234464.0	122.0	2162012.0	43988.0	924.0
SRX15630038	1300720.0	27325.0	287523.0	142.0	2322662.0	47281.0	1483.0
SRX15630039	1707028.0	40156.0	204809.0	317.0	1797431.0	64542.0	878.0
SRX15630040	1709547.0	288840.0	302307.0	248.0	1974240.0	70955.0	871.0
SRX15630041	1289114.0	131013.0	252914.0	160.0	2134259.0	52442.0	1327.0
SRX15630042	1424174.0	77652.0	349539.0	316.0	1981144.0	72365.0	781.0
SRX15630043	1512795.0	101287.0	253652.0	250.0	2498645.0	65589.0	1206.0
SRX15630044	1359444.0	31435.0	270749.0	160.0	2131700.0	58339.0	1420.0
SRX15630045	1597659.0	26782.0	196440.0	226.0	1797704.0	63271.0	1276.0
SRX15630046	1667011.0	135938.0	215724.0	271.0	1862710.0	67034.0	1034.0
SRX15630047	1632896.0	63195.0	297223.0	228.0	2208818.0	67713.0	1612.0
SRX15630048	1781422.0	32531.0	238232.0	321.0	1798238.0	68712.0	1153.0
SRX15947806	5535990.0	1647123.0	389875.0	118691.0	1454681.0	292294.0	76267.0
SRX15947807	9606787.0	645489.0	772288.0	320670.0	520098.0	614832.0	271697.0
SRX15947808	7692508.0	1529833.0	396387.0	167078.0	2270600.0	423781.0	108205.0
SRX15947809	5471904.0	985377.0	292833.0	119140.0	1797489.0	312164.0	92393.0
SRX15947810	6778310.0	2150448.0	255763.0	162224.0	1505231.0	358894.0	118826.0
SRX15947812	6807708.0	2211302.0	326514.0	236649.0	1522659.0	406028.0	157249.0
SRX15947813	5645067.0	2364033.0	394365.0	202006.0	1102200.0	328263.0	141150.0
SRX15947814	5128042.0	2275192.0	336105.0	167636.0	1171321.0	299183.0	114833.0
SRX15947815	6895079.0	295433.0	476437.0	167403.0	335034.0	421768.0	189203.0
SRX15947816	7667886.0	433479.0	555799.0	159344.0	382186.0	465088.0	172026.0
SRX17839586	7415602.0	19858.0	839356.0	8839.0	6058213.0	475596.0	4799.0
SRX17839587	8276190.0	24793.0	3550426.0	5937.0	5723870.0	516087.0	5258.0
SRX17839588	6557860.0	18013.0	1514270.0	4384.0	5271406.0	422425.0	4110.0
SRX17839589	8668019.0	24583.0	2011366.0	4612.0	7365497.0	461816.0	3938.0
SRX17839590	11205599.0	26523.0	1242957.0	8035.0	8252867.0	525952.0	4679.0
SRX17839591	9519736.0	65333.0	2358507.0	7593.0	7152645.0	492710.0	4623.0
SRX18913104	4735918.0	1192054.0	646049.0	53679.0	2663477.0	300834.0	7650.0
SRX18913105	5591449.0	1487293.0	781939.0	46376.0	2768970.0	324326.0	8851.0
SRX18913106	4512357.0	1509509.0	517036.0	54372.0	1990720.0	260559.0	6900.0
SRX18913107	6189426.0	910336.0	779825.0	40379.0	1138377.0	379539.0	11759.0
SRX18913108	6516231.0	1044623.0	843259.0	40869.0	1289129.0	419819.0	11838.0
SRX18913109	7533751.0	1186495.0	875807.0	51429.0	1399643.0	476357.0	16122.0
SRX18913110	5056352.0	1108762.0	644388.0	36406.0	1493953.0	255987.0	8121.0
SRX18913111	5228432.0	1213580.0	739864.0	42104.0	1389128.0	272318.0	9119.0
SRX18913112	6415765.0	1541654.0	809219.0	49758.0	1927408.0	326671.0	10987.0
SRX18913113	6819720.0	790942.0	1100488.0	28487.0	500939.0	379634.0	12370.0
SRX18913114	6332158.0	684050.0	783740.0	30711.0	1499982.0	376032.0	11936.0
SRX18913115	6228828.0	718446.0	826002.0	34549.0	1573805.0	390850.0	11911.0
SRX2356912	765838.0	8869359.0	306161.0	0.0	303539.0	51304.0	348.0
SRX2356913	482416.0	7725975.0	249088.0	0.0	230117.0	35757.0	239.0
SRX2356914	577028.0	8674879.0	318562.0	0.0	309685.0	39604.0	273.0
SRX2356915	498135.0	10320951.0	395013.0	0.0	389377.0	32308.0	251.0
SRX2356916	297130.0	7574698.0	243497.0	0.0	357265.0	17475.0	141.0
SRX2356917	302914.0	9603104.0	336597.0	0.0	637714.0	16958.0	134.0
SRX2356918	206792.0	9082722.0	328795.0	0.0	786928.0	11693.0	115.0
SRX2356919	280772.0	16138761.0	522085.0	0.0	1420609.0	17183.0	119.0
SRX2356920	202595.0	11344110.0	535189.0	0.0	1443899.0	13977.0	121.0
SRX2356921	542875.0	8151989.0	411746.0	0.0	390022.0	31460.0	380.0
SRX2356922	1047017.0	10197705.0	615518.0	0.0	449856.0	64160.0	652.0
SRX2356923	956713.0	9684352.0	466964.0	0.0	325903.0	65728.0	548.0
SRX2356924	1068127.0	9632660.0	282934.0	0.0	313396.0	68208.0	483.0
SRX2356925	846143.0	9794888.0	275119.0	0.0	243966.0	55112.0	401.0
SRX2356926	934731.0	12530177.0	416625.0	0.0	342556.0	62514.0	488.0
SRX2356927	751748.0	10119380.0	318634.0	0.0	262193.0	50490.0	298.0
SRX2356928	707869.0	11682993.0	311679.0	0.0	383899.0	49292.0	264.0
SRX2356929	680489.0	13467626.0	390024.0	0.0	602224.0	44815.0	229.0
SRX2356930	291839.0	10751250.0	311903.0	0.0	724038.0	20526.0	125.0
SRX2356931	210690.0	11487470.0	364496.0	0.0	788445.0	14149.0	103.0
SRX2356932	218194.0	12208506.0	335509.0	0.0	1012858.0	14725.0	91.0
SRX2356933	910662.0	14389850.0	371352.0	0.0	579085.0	45923.0	536.0
SRX2356934	1094758.0	13400854.0	370929.0	0.0	536271.0	61459.0	643.0
SRX2356935	782852.0	9220964.0	318937.0	0.0	342492.0	49739.0	411.0
SRX259777	28335601.0	3047599.0	1934506.0	0.0	1814386.0	1004704.0	27838.0
SRX259778	17885670.0	3055343.0	1314782.0	0.0	1423300.0	660733.0	19403.0
SRX259779	13896642.0	9087625.0	1184449.0	0.0	1275352.0	547245.0	15442.0
SRX259780	18792685.0	5991444.0	1464025.0	0.0	1548398.0	672680.0	19393.0
SRX259781	8696705.0	4301368.0	780101.0	0.0	680576.0	317259.0	8589.0
SRX259782	8826789.0	4003168.0	740618.0	0.0	755090.0	310338.0	9286.0
SRX259783	11878439.0	12561433.0	1411772.0	0.0	1090962.0	394370.0	13254.0
SRX259784	12083541.0	4413663.0	1130619.0	0.0	854558.0	412221.0	14641.0
SRX259785	5836089.0	15094306.0	1429290.0	0.0	726837.0	202277.0	6320.0
SRX259786	32586663.0	20757253.0	3681075.0	0.0	2741302.0	1202592.0	36880.0
SRX259787	28660873.0	6142453.0	2689072.0	0.0	1805840.0	1045889.0	31027.0
SRX259788	26707113.0	18109774.0	3349890.0	0.0	2295123.0	929569.0	30051.0
SRX259789	480662.0	13823291.0	901306.0	0.0	171926.0	22175.0	645.0
SRX259790	3796838.0	4234397.0	640044.0	0.0	389600.0	145730.0	4635.0
SRX259791	15338421.0	10189371.0	1943542.0	0.0	1207514.0	559400.0	17777.0
SRX259792	5252736.0	4794328.0	2091009.0	0.0	481572.0	197630.0	6174.0
SRX259793	8243610.0	4419321.0	1880427.0	0.0	713291.0	319153.0	9779.0
SRX3159653	8074194.0	800887.0	1379858.0	0.0	4138652.0	504099.0	4558.0
SRX3159654	10446160.0	956744.0	1952066.0	0.0	4790892.0	611947.0	6307.0
SRX3159655	8326423.0	2580255.0	1396542.0	0.0	3865029.0	445862.0	5798.0
SRX3159656	5766161.0	1054266.0	1076447.0	0.0	2582680.0	332824.0	3549.0
SRX3159657	7765516.0	758629.0	917761.0	0.0	2402768.0	432033.0	4227.0
SRX3159658	8442542.0	1405626.0	892892.0	0.0	2657515.0	438819.0	4477.0
SRX3159659	10097729.0	1621884.0	1273604.0	0.0	3390798.0	527964.0	6027.0
SRX3159660	7033109.0	6443387.0	798365.0	0.0	1932670.0	367323.0	3653.0
SRX3159661	8958478.0	1875465.0	4257634.0	0.0	2489067.0	504121.0	3873.0
SRX3159662	13729351.0	860717.0	2575271.0	0.0	3319128.0	726978.0	5498.0
SRX3159663	10442935.0	989086.0	2584169.0	0.0	2559538.0	532329.0	4799.0
SRX3159664	10591563.0	1686781.0	3874207.0	0.0	2698089.0	575524.0	4678.0
SRX3159665	11363588.0	466838.0	1236493.0	0.0	2337256.0	604442.0	5323.0
SRX3159666	10425035.0	1222007.0	2906793.0	0.0	2148585.0	549971.0	4133.0
SRX3159667	9470122.0	485223.0	947854.0	0.0	1932637.0	477492.0	3837.0
SRX3159668	11442361.0	441158.0	1547550.0	0.0	2933603.0	625954.0	5409.0
SRX3172761	4355296.0	88680.0	1093206.0	0.0	3796425.0	251785.0	3097.0
SRX3172762	5913653.0	149471.0	1350304.0	0.0	5475601.0	381365.0	4108.0
SRX3172763	6182978.0	149053.0	1748518.0	0.0	6595809.0	397897.0	3646.0
SRX3172764	8161509.0	526693.0	1413747.0	0.0	6340173.0	428551.0	5772.0
SRX3172765	6952170.0	742642.0	1157963.0	0.0	4787159.0	372712.0	4522.0
SRX3172766	5634774.0	458719.0	1389253.0	0.0	5268817.0	332633.0	3875.0
SRX3176780	8084999.0	74788.0	3187828.0	0.0	4849212.0	493127.0	4547.0
SRX3176781	7489198.0	58344.0	2444573.0	0.0	4777344.0	431693.0	3659.0
SRX3176782	4919078.0	64332.0	2153825.0	0.0	3459607.0	290200.0	2075.0
SRX3176783	6865130.0	175544.0	2928912.0	0.0	6725963.0	435728.0	3141.0
SRX3176784	4666641.0	91455.0	3138444.0	0.0	6461526.0	297207.0	2347.0
SRX3176785	4590601.0	183969.0	2406764.0	0.0	9416638.0	282753.0	2400.0
SRX3176786	2698519.0	92364.0	2160972.0	0.0	7486909.0	153068.0	1404.0
SRX3176787	2244532.0	109522.0	1988289.0	0.0	7802297.0	135680.0	1103.0
SRX3176788	2419059.0	149909.0	2398794.0	0.0	10236937.0	156310.0	1460.0
SRX3176789	7262438.0	339637.0	1055584.0	0.0	1815492.0	382128.0	4195.0
SRX3176790	10571896.0	523912.0	1415533.0	0.0	2647808.0	531793.0	6057.0
SRX3176791	7476522.0	333647.0	991630.0	0.0	2403041.0	387389.0	4052.0
SRX3176792	6072901.0	304260.0	1015980.0	0.0	2291849.0	321774.0	3091.0
SRX3176793	7544050.0	455412.0	1779163.0	0.0	3499952.0	404955.0	4164.0
SRX3176794	9553680.0	684487.0	1652648.0	0.0	5243283.0	493425.0	5640.0
SRX3176795	6225815.0	1230854.0	1964851.0	0.0	4146010.0	311886.0	3659.0
SRX3176796	7550886.0	2560094.0	3908202.0	0.0	7029813.0	404919.0	4281.0
SRX3176797	1901256.0	2753594.0	7759823.0	0.0	2836675.0	106730.0	960.0
SRX3176798	5247495.0	99811.0	788878.0	0.0	2572281.0	307690.0	3354.0
SRX3176799	4204721.0	162246.0	777967.0	0.0	2867491.0	252215.0	2355.0
SRX3176800	4344947.0	94469.0	779783.0	0.0	3744674.0	258564.0	2138.0
SRX3176801	3346267.0	231061.0	700238.0	0.0	4511795.0	210118.0	2013.0
SRX3176802	2318162.0	134756.0	603635.0	0.0	4434829.0	149218.0	1357.0
SRX3176803	1930810.0	247500.0	613317.0	0.0	5008751.0	116637.0	1161.0
SRX3176804	1874851.0	396587.0	794258.0	0.0	8730061.0	129312.0	1247.0
SRX3176805	2022296.0	140789.0	743734.0	0.0	7585630.0	132956.0	1316.0
SRX3176806	932174.0	2865484.0	347165.0	0.0	3675038.0	65841.0	595.0
SRX3176807	7290685.0	171612.0	522425.0	0.0	2012167.0	404400.0	4301.0
SRX3176808	8624677.0	192392.0	699574.0	0.0	2678572.0	486563.0	4723.0
SRX3176809	7608530.0	160167.0	668655.0	0.0	2499424.0	421430.0	3785.0
SRX3176810	12588691.0	794313.0	1759212.0	0.0	5860404.0	693804.0	7504.0
SRX3176811	7999970.0	266932.0	792788.0	0.0	4139975.0	400097.0	5478.0
SRX3176812	12370029.0	606235.0	1586608.0	0.0	7744150.0	579683.0	9557.0
SRX3176813	6511232.0	319011.0	643716.0	0.0	4780687.0	305304.0	5336.0
SRX3176814	5083756.0	323484.0	656005.0	0.0	6062221.0	287813.0	3250.0
SRX3176815	3267172.0	1032068.0	1381658.0	0.0	7812529.0	230281.0	1856.0
SRX3211301	5964329.0	88486.0	157948.0	0.0	1329597.0	345556.0	3355.0
SRX3211302	6273028.0	100902.0	173627.0	0.0	1470321.0	357676.0	3071.0
SRX3211303	5834683.0	50218.0	146902.0	0.0	1596797.0	358381.0	2656.0
SRX3211304	6318197.0	275425.0	96041.0	0.0	1872413.0	334013.0	3703.0
SRX3211305	7326521.0	195045.0	229065.0	0.0	2433886.0	352678.0	4550.0
SRX3211306	5627545.0	100871.0	70008.0	0.0	1539311.0	361089.0	2622.0
SRX3211307	7713644.0	63797.0	120566.0	0.0	2157538.0	448145.0	3801.0
SRX3211308	6185660.0	375937.0	111777.0	0.0	1957266.0	429937.0	3519.0
SRX3211309	6770594.0	72603.0	123898.0	0.0	1734987.0	410913.0	2855.0
SRX3211310	5156514.0	301853.0	78993.0	0.0	1627048.0	311554.0	2581.0
SRX3211311	7424767.0	46940.0	151982.0	0.0	1824987.0	448880.0	3562.0
SRX3211312	5351359.0	125256.0	76108.0	0.0	1718422.0	321385.0	2673.0
SRX3211313	6728985.0	86672.0	170091.0	0.0	2047635.0	388356.0	3288.0
SRX3211314	6580183.0	181681.0	147491.0	0.0	2125166.0	404171.0	3569.0
SRX3211315	8275663.0	109372.0	182321.0	0.0	2468012.0	453127.0	4445.0
SRX3211316	7699734.0	104915.0	143701.0	0.0	2424605.0	472840.0	3409.0
SRX3211317	9040612.0	273609.0	208642.0	0.0	2761253.0	543940.0	4477.0
SRX3211318	7198643.0	140952.0	98129.0	0.0	2101087.0	435705.0	3585.0
SRX3211319	9350671.0	185570.0	172546.0	0.0	2991686.0	500895.0	4970.0
SRX3211320	6726054.0	392674.0	126966.0	0.0	1534039.0	339816.0	9216.0
SRX3211321	5094658.0	92049.0	130458.0	0.0	1916327.0	235415.0	3436.0
SRX3211322	7970918.0	635458.0	159591.0	0.0	1749783.0	464125.0	3815.0
SRX3211323	4461132.0	34754.0	89443.0	0.0	1008434.0	250513.0	2400.0
SRX3211324	3363758.0	173568.0	51335.0	0.0	597812.0	166684.0	1607.0
SRX3211325	4867649.0	32933.0	63216.0	0.0	941022.0	258574.0	2607.0
SRX3211326	4643612.0	3584829.0	128736.0	0.0	694721.0	212752.0	2358.0
SRX3211327	5906454.0	45575.0	80909.0	0.0	1153970.0	339034.0	3100.0
SRX3211328	3341748.0	4077110.0	83236.0	0.0	703303.0	184944.0	1808.0
SRX3211329	4747191.0	40534.0	91351.0	0.0	1030034.0	269872.0	2528.0
SRX3211330	3917599.0	103546.0	91245.0	0.0	974412.0	226038.0	1954.0
SRX3211331	4558212.0	39856.0	105787.0	0.0	1080254.0	257316.0	2458.0
SRX3211332	5576323.0	147524.0	123036.0	0.0	1460795.0	318695.0	2650.0
SRX3211333	4686881.0	48944.0	112873.0	0.0	1300287.0	254079.0	2519.0
SRX3211334	4750192.0	189327.0	180678.0	0.0	2719933.0	292570.0	2611.0
SRX3211335	3928335.0	50452.0	122113.0	0.0	2714551.0	213818.0	2179.0
SRX3211336	4646922.0	154199.0	131459.0	0.0	1439267.0	287400.0	2642.0
SRX3211337	5094586.0	59359.0	149769.0	0.0	1562419.0	319311.0	2686.0
SRX3211338	6852126.0	372391.0	214369.0	0.0	1874401.0	391633.0	4338.0
SRX3211339	6391014.0	52250.0	180674.0	0.0	1584124.0	373417.0	3917.0
SRX3211340	6549227.0	114351.0	183090.0	0.0	1327857.0	327821.0	3288.0
SRX3211341	7265836.0	50447.0	196700.0	0.0	1661210.0	406093.0	4412.0
SRX3211342	6189276.0	195985.0	175455.0	0.0	1332816.0	334239.0	3255.0
SRX3211343	6317221.0	420698.0	191182.0	0.0	1936563.0	408174.0	3315.0
SRX3211344	3766832.0	37920.0	101848.0	0.0	1107514.0	229447.0	1873.0
SRX3211345	6120911.0	265210.0	234803.0	0.0	1938012.0	360356.0	3163.0
SRX3211346	6300951.0	69776.0	174662.0	0.0	1860221.0	367598.0	3561.0
SRX3211347	4413126.0	2488590.0	141349.0	0.0	740536.0	219560.0	2490.0
SRX3211348	6552604.0	72257.0	124684.0	0.0	1369468.0	369205.0	3182.0
SRX3211349	7169035.0	263645.0	235776.0	0.0	2379684.0	453754.0	3363.0
SRX3211350	5673415.0	89135.0	115269.0	0.0	1726472.0	316047.0	2589.0
SRX3211351	3431229.0	2175101.0	120149.0	0.0	1210574.0	184314.0	1570.0
SRX3211352	4829984.0	108306.0	159189.0	0.0	1944356.0	293454.0	2120.0
SRX3211353	5164229.0	181144.0	229783.0	0.0	2724100.0	273197.0	2592.0
SRX3211354	4438605.0	80008.0	132573.0	0.0	2465910.0	242873.0	2474.0
SRX3211355	5069152.0	240794.0	201528.0	0.0	1837742.0	252373.0	2812.0
SRX3211356	4488524.0	88805.0	144142.0	0.0	1471623.0	217052.0	2780.0
SRX3211357	5751677.0	287542.0	202391.0	0.0	1790144.0	294049.0	2947.0
SRX3211358	5806337.0	77578.0	166179.0	0.0	1611792.0	285688.0	3374.0
SRX3211359	6618297.0	294244.0	221889.0	0.0	1993601.0	365582.0	3067.0
SRX3211360	5969402.0	71655.0	153428.0	0.0	1697910.0	337444.0	3218.0
SRX3312459	7385495.0	255977.0	1344239.0	0.0	2458813.0	410760.0	4516.0
SRX3312460	7449856.0	255230.0	1118799.0	0.0	2285762.0	401812.0	4454.0
SRX3312461	8585312.0	419751.0	1427373.0	0.0	2824972.0	475363.0	4239.0
SRX3312462	7648568.0	461045.0	1344993.0	0.0	3080406.0	408078.0	3910.0
SRX3312463	7071549.0	651396.0	1484543.0	0.0	3672153.0	373407.0	3855.0
SRX3312464	9038260.0	573848.0	1667796.0	0.0	5384182.0	465238.0	5274.0
SRX3312465	5286368.0	714028.0	1462157.0	0.0	3960783.0	275782.0	3377.0
SRX3312466	3703913.0	473231.0	1186350.0	0.0	3769092.0	197551.0	2518.0
SRX3312467	4035610.0	1877838.0	1632100.0	0.0	4277964.0	222235.0	2731.0
SRX3312468	5711988.0	1040657.0	2071080.0	0.0	1626841.0	304859.0	2858.0
SRX3312469	7263158.0	953623.0	1777253.0	0.0	2208706.0	393183.0	3891.0
SRX3312470	15012664.0	2457586.0	2962679.0	0.0	4577202.0	776469.0	7709.0
SRX3312471	8622382.0	1892482.0	2825760.0	0.0	3364082.0	466603.0	4296.0
SRX3312472	8445322.0	1663787.0	2473912.0	0.0	4430395.0	445389.0	5022.0
SRX3312473	5580782.0	2442174.0	2290819.0	0.0	3548527.0	291943.0	3703.0
SRX3312474	3830479.0	3435093.0	1361758.0	0.0	2750180.0	211337.0	2815.0
SRX3312475	3685579.0	3287029.0	2473357.0	0.0	3754477.0	202064.0	2406.0
SRX3312476	2381840.0	3805897.0	1973383.0	0.0	3039519.0	140972.0	1648.0
SRX3312477	3346532.0	238906.0	743211.0	0.0	1143729.0	204968.0	1899.0
SRX3312478	3600033.0	1140236.0	774744.0	0.0	1571334.0	215577.0	1926.0
SRX3312479	5050314.0	198096.0	827128.0	0.0	2222068.0	292232.0	2421.0
SRX3312480	5171352.0	154709.0	887629.0	0.0	2303653.0	264395.0	2509.0
SRX3312481	5350801.0	205274.0	1067652.0	0.0	2986559.0	293345.0	2970.0
SRX3312482	3178112.0	202618.0	1195697.0	0.0	2210182.0	166072.0	1990.0
SRX3312483	4346908.0	207582.0	777116.0	0.0	3661760.0	228600.0	2643.0
SRX3312484	4209146.0	294184.0	1077917.0	0.0	3661339.0	231600.0	2669.0
SRX3312485	4338685.0	1448878.0	1011552.0	0.0	4096556.0	247280.0	2666.0
SRX3312486	5416705.0	1031375.0	1106541.0	0.0	2230430.0	305924.0	3666.0
SRX3312487	4833877.0	699666.0	850402.0	0.0	1727828.0	256844.0	3201.0
SRX3312488	5715149.0	914948.0	1089043.0	0.0	1882106.0	304084.0	2906.0
SRX3312489	4175762.0	1017081.0	1057548.0	0.0	1443475.0	205468.0	2153.0
SRX3312490	3643220.0	1822907.0	1969491.0	0.0	1656096.0	181739.0	1975.0
SRX3312491	1458785.0	533760.0	437793.0	0.0	892219.0	76898.0	976.0
SRX3312492	9439135.0	4176940.0	2208820.0	0.0	6597872.0	476493.0	6253.0
SRX3312493	2691061.0	3454278.0	1499448.0	0.0	2689727.0	147339.0	1607.0
SRX3312494	1667625.0	1466831.0	832726.0	0.0	2085626.0	100094.0	930.0
SRX359366	1240031.0	11665721.0	217972.0	0.0	465692.0	68999.0	717.0
SRX359367	1151862.0	10285263.0	175271.0	0.0	342902.0	61459.0	581.0
SRX359368	968387.0	10386427.0	230707.0	0.0	293748.0	53927.0	578.0
SRX359369	1286472.0	12133364.0	265772.0	0.0	440570.0	74380.0	743.0
SRX359370	1153784.0	9649319.0	173581.0	0.0	411795.0	66294.0	597.0
SRX359371	1162529.0	10365410.0	221092.0	0.0	356278.0	66566.0	634.0
SRX359372	636750.0	8645113.0	65902.0	0.0	199182.0	37904.0	422.0
SRX359373	765112.0	10458110.0	90131.0	0.0	232683.0	44082.0	413.0
SRX359374	787152.0	11446643.0	115846.0	0.0	267229.0	38509.0	413.0
SRX359375	667846.0	10789029.0	107162.0	0.0	193474.0	33089.0	371.0
SRX359376	602553.0	9521304.0	84139.0	0.0	262246.0	34180.0	359.0
SRX359377	628976.0	10584979.0	82842.0	0.0	238746.0	35347.0	366.0
SRX359378	763839.0	9176959.0	77089.0	0.0	253069.0	41825.0	414.0
SRX359379	639071.0	8545778.0	74760.0	0.0	247422.0	36664.0	392.0
SRX359380	588541.0	9462749.0	90242.0	0.0	217368.0	33228.0	413.0
SRX359381	751119.0	8801987.0	73409.0	0.0	284668.0	43282.0	454.0
SRX359382	953854.0	10812133.0	104019.0	0.0	325958.0	52701.0	564.0
SRX359383	909620.0	10802561.0	101298.0	0.0	302411.0	49661.0	521.0
SRX4105497	2121504.0	2787758.0	7695516.0	0.0	820132.0	121076.0	1041.0
SRX4105498	1263463.0	3553457.0	12470441.0	0.0	696302.0	76277.0	551.0
SRX4105499	810939.0	3035856.0	8299624.0	0.0	485820.0	48160.0	306.0
SRX4105500	542830.0	714917.0	26448149.0	0.0	941188.0	29948.0	224.0
SRX4105501	914834.0	2754923.0	8671617.0	0.0	541316.0	57612.0	362.0
SRX4105502	983077.0	4925030.0	13858314.0	0.0	734079.0	75856.0	450.0
SRX4105503	3236576.0	4360246.0	11863805.0	0.0	1284100.0	187463.0	1705.0
SRX4105504	1350299.0	3586779.0	12480061.0	0.0	705939.0	77840.0	578.0
SRX4105505	892830.0	3370913.0	9534373.0	0.0	555732.0	53514.0	367.0
SRX4105506	17998.0	156863.0	4301719.0	0.0	3160.0	1066.0	27.0
SRX4105507	15319.0	134268.0	3751665.0	0.0	2567.0	900.0	25.0
SRX4105508	215991.0	275285.0	10389809.0	0.0	370109.0	11902.0	87.0
SRX4105509	769840.0	2332134.0	7183940.0	0.0	447009.0	47709.0	290.0
SRX4105510	925505.0	3965969.0	10761606.0	0.0	545197.0	60954.0	369.0
SRX4105511	1286042.0	335286.0	570699.0	0.0	984088.0	82830.0	829.0
SRX4105512	2366138.0	405538.0	692696.0	0.0	898661.0	118096.0	1624.0
SRX4105513	763867.0	736900.0	2240659.0	0.0	287086.0	46755.0	350.0
SRX4105514	1685850.0	952324.0	1654640.0	0.0	752037.0	99835.0	1001.0
SRX4105515	142220.0	737224.0	2519221.0	0.0	63992.0	9269.0	93.0
SRX4105516	1191575.0	925853.0	2154942.0	0.0	457560.0	67611.0	662.0
SRX4105517	300287.0	1095343.0	16257672.0	0.0	639697.0	18135.0	169.0
SRX4105518	486000.0	2705551.0	10592347.0	0.0	742624.0	33033.0	169.0
SRX4105519	97521.0	405814.0	1758182.0	0.0	86284.0	6162.0	13.0
SRX4105520	160010.0	671481.0	12345351.0	0.0	433393.0	10133.0	72.0
SRX4105521	74150.0	428854.0	8867448.0	0.0	295881.0	4594.0	40.0
SRX4105522	787275.0	1867167.0	14382535.0	0.0	745004.0	43494.0	432.0
SRX4105523	119346.0	583492.0	9958347.0	0.0	360893.0	7216.0	62.0
SRX4105524	78536.0	366211.0	12408724.0	0.0	418153.0	4801.0	39.0
SRX4105525	1932859.0	2238356.0	3072671.0	0.0	4923886.0	111233.0	1208.0
SRX4105526	9455692.0	3168488.0	5055541.0	0.0	3611228.0	444087.0	8341.0
SRX4105527	6820948.0	5278825.0	2985032.0	0.0	2347380.0	369420.0	3349.0
SRX4105528	7358125.0	3322964.0	4345134.0	0.0	1928430.0	359925.0	8959.0
SRX4105529	10211412.0	2821358.0	3627669.0	0.0	3679247.0	523660.0	5530.0
SRX4105530	13234104.0	2297271.0	2793599.0	0.0	5442080.0	659229.0	7437.0
SRX4105531	43328.0	165063.0	4820531.0	0.0	161206.0	2610.0	14.0
SRX4105532	25053.0	94531.0	2838296.0	0.0	93285.0	1546.0	6.0
SRX4105533	2554429.0	2932895.0	3888438.0	0.0	6655260.0	149790.0	1554.0
SRX4105534	443097.0	1290516.0	5602633.0	0.0	329479.0	26603.0	407.0
SRX4105535	383592.0	1102825.0	4885142.0	0.0	285740.0	23024.0	329.0
SRX4105536	5881855.0	4644988.0	2633501.0	0.0	2072525.0	325511.0	2825.0
SRX4105537	3677635.0	1678075.0	2266030.0	0.0	1286834.0	187200.0	2086.0
SRX4105538	9237278.0	2401695.0	3153108.0	0.0	3178818.0	449600.0	5236.0
SRX4105539	6404759.0	1154406.0	1415222.0	0.0	2717041.0	330550.0	3604.0
SRX4105540	6054953.0	1169864.0	7073209.0	0.0	2934735.0	321027.0	3900.0
SRX4105541	450861.0	34546.0	137836.0	0.0	187304.0	23248.0	355.0
SRX4105542	1619441.0	763231.0	122815.0	0.0	447376.0	72645.0	1004.0
SRX4105543	1944206.0	38342.0	140579.0	0.0	512784.0	103858.0	1110.0
SRX4105544	1841912.0	40298.0	100774.0	0.0	458156.0	96209.0	969.0
SRX4105545	2328581.0	82506.0	165888.0	0.0	622052.0	115955.0	1262.0
SRX4105546	2185496.0	131525.0	173473.0	0.0	586966.0	105539.0	1303.0
SRX4105547	301339.0	771089.0	12909283.0	0.0	485533.0	17321.0	101.0
SRX4105548	490368.0	1505912.0	14428135.0	0.0	678735.0	26734.0	279.0
SRX4105549	466013.0	1372019.0	6210356.0	0.0	294185.0	21977.0	346.0
SRX4105550	327927.0	1449051.0	11531609.0	0.0	409598.0	22854.0	126.0
SRX4105551	625685.0	1044664.0	2476598.0	0.0	300900.0	41520.0	289.0
SRX4105552	955784.0	2846617.0	11911083.0	0.0	658182.0	53358.0	519.0
SRX4105553	394617.0	1972376.0	11719135.0	0.0	418638.0	23934.0	157.0
SRX4105554	410061.0	1285204.0	10930730.0	0.0	465200.0	21906.0	264.0
SRX4105555	2217348.0	66803.0	187547.0	0.0	779367.0	106029.0	1378.0
SRX4105556	488894.0	9585.0	99396.0	0.0	156631.0	22603.0	347.0
SRX4105557	2498629.0	45387.0	143494.0	0.0	625923.0	128289.0	1317.0
SRX4105558	1735418.0	59456.0	182355.0	0.0	482229.0	91730.0	895.0
SRX4105559	2006854.0	107365.0	205014.0	0.0	646680.0	99506.0	1179.0
SRX4105560	1297074.0	66965.0	591251.0	0.0	392700.0	61283.0	781.0
SRX4105561	663698.0	1688634.0	11000804.0	0.0	591303.0	34648.0	392.0
SRX4105562	260968.0	1102650.0	10323754.0	0.0	445063.0	15075.0	162.0
SRX4105563	785779.0	2161061.0	9661132.0	0.0	550857.0	40924.0	432.0
SRX4105564	1051458.0	2927902.0	6110041.0	0.0	499800.0	56409.0	624.0
SRX4105565	3725796.0	3586624.0	4208127.0	0.0	1496868.0	190456.0	2330.0
SRX4105566	1004879.0	2135353.0	10807662.0	0.0	701387.0	49870.0	586.0
SRX4105567	328530.0	823337.0	11405543.0	0.0	521861.0	16650.0	184.0
SRX4105568	715124.0	1821961.0	11821139.0	0.0	617228.0	37169.0	452.0
SRX5055969	2981415.0	147141.0	6038408.0	324732.0	1535891.0	231589.0	15929.0
SRX5055970	2511966.0	430833.0	5878315.0	451864.0	1438193.0	185090.0	5329.0
SRX5055971	2502378.0	159650.0	5757431.0	385077.0	1907340.0	193416.0	7231.0
SRX5055972	2727651.0	455871.0	5327020.0	250335.0	731494.0	227448.0	8867.0
SRX689242	289494.0	145109.0	244789.0	0.0	354625.0	98471.0	219.0
SRX7119038	2981423.0	147141.0	6038408.0	324724.0	1535891.0	231589.0	15929.0
SRX7119039	2511962.0	430833.0	5878313.0	451871.0	1438193.0	185090.0	5328.0
SRX7119040	1349342.0	242980.0	5132497.0	384082.0	2164402.0	111404.0	2067.0
SRX7119041	3092236.0	900446.0	5951365.0	283791.0	631185.0	260943.0	6655.0
SRX8650808	27184652.0	334130.0	2627471.0	396766.0	10687430.0	1999976.0	118647.0
UV_control_1	9606809.0	645489.0	772288.0	320644.0	520098.0	614831.0	271702.0
UV_control_2	5472149.0	985377.0	292833.0	118902.0	1797486.0	312160.0	92393.0
UV_control_3	6807732.0	2211302.0	326514.0	236623.0	1522657.0	406032.0	157249.0
UV_exposure_2	7692292.0	1529833.0	396387.0	167318.0	2270583.0	423775.0	108204.0
UV_exposure_3	6778373.0	2150448.0	255763.0	162170.0	1505221.0	358895.0	118826.0
dark_4h_0110_KO_1	9272653.0	1709579.0	639678.0	103967.0	851427.0	602758.0	160030.0
dark_4h_0110_KO_2	7642854.0	1318376.0	520367.0	154294.0	786493.0	515958.0	161202.0
dark_4h_0616_KO_1	7678211.0	610703.0	698131.0	275358.0	471156.0	507719.0	212999.0
dark_4h_0616_KO_2	8774752.0	1207361.0	587122.0	172466.0	891248.0	600912.0	217446.0
dark_4h_1684_KO_1	3634626.0	1572232.0	465930.0	183629.0	3960647.0	303980.0	52226.0
dark_4h_1684_KO_2	2847611.0	643969.0	403988.0	108513.0	3365280.0	230533.0	33153.0
km_LL_1	6172690.0	1418613.0	419860.0	187840.0	3040454.0	399557.0	105318.0
km_LL_2	9732601.0	1169042.0	497807.0	126632.0	646114.0	560407.0	190855.0
km_dark_4h_1	6002771.0	1683514.0	646008.0	249288.0	733776.0	400823.0	169119.0
km_dark_4h_2	9119247.0	950653.0	821997.0	201907.0	976118.0	593354.0	229315.0
light_0110_KO_1	7045689.0	1364789.0	393912.0	160983.0	2784705.0	429935.0	115780.0
light_0110_KO_2	10158216.0	1432948.0	394505.0	161993.0	737997.0	591685.0	208743.0
light_0616_KO_1	7166745.0	379061.0	545223.0	342947.0	418451.0	476708.0	233587.0
light_0616_KO_2	9628753.0	849803.0	809665.0	161327.0	636291.0	613607.0	220518.0
light_1684_KO_1	10296574.0	1691258.0	528613.0	198258.0	629677.0	601560.0	248743.0
light_1684_KO_2	6280420.0	1670989.0	284824.0	161602.0	1641072.0	344106.0	103989.0
post_uv_2hrs_1	5645014.0	2364033.0	394365.0	202073.0	1102199.0	328250.0	141150.0
post_uv_2hrs_2	6895060.0	295433.0	476437.0	167431.0	335034.0	421765.0	189197.0
post_uv_2hrs_3	7667848.0	433479.0	555799.0	159386.0	382186.0	465087.0	172023.0
post_uv_control_1	5128005.0	2275192.0	336105.0	167677.0	1171318.0	299182.0	114833.0
post_uv_control_2	8723919.0	240119.0	651676.0	338235.0	369672.0	522933.0	303391.0
wt_LL_1	4615696.0	899592.0	316848.0	190120.0	2600051.0	304509.0	73557.0
wt_LL_2	5539628.0	1001100.0	392619.0	152508.0	2853643.0	347264.0	82890.0
wt_dark_4h_1	8242220.0	1233055.0	665954.0	206466.0	839241.0	527762.0	206353.0
wt_dark_4h_2	3794025.0	1002266.0	539907.0	223089.0	4619563.0	331905.0	71550.0
