Sample	Total	Assigned	Unassigned_rRNA	Unassigned_Unmapped	Unassigned_Read_Type	Unassigned_Singleton	Unassigned_MappingQuality	Unassigned_Chimera	Unassigned_FragmentLength	Unassigned_Duplicate	Unassigned_MultiMapping	Unassigned_Secondary	Unassigned_NonSplit	Unassigned_NoFeatures	Unassigned_Overlapping_Length	Unassigned_Ambiguity	percent_assigned
DRX275049	1011293	80404	300	919259	0	0	0	0	640	0	0	0	0	2603	6084	2003	7.950613719268302
DRX275050	1004252	829768	3178	56916	0	0	0	0	8331	0	0	0	0	24521	59412	22126	82.62547647403241
SRX063252	15165120	554253	4470360	5327717	0	0	0	0	0	0	0	0	0	4792888	19524	378	3.6547880926758243
SRX063253	20226226	38492	416146	19485962	0	0	0	0	0	0	0	0	0	284039	1567	20	0.19030737617586196
SRX063254	20172997	36823	401991	19457854	0	0	0	0	0	0	0	0	0	274780	1528	21	0.18253609020018197
SRX10864008	20662571	13232940	267	260797	0	0	0	0	0	0	0	0	0	6713385	437115	18067	64.04304672443715
SRX10864009	24071483	15643315	92	270013	0	0	0	0	0	0	0	0	0	7607726	528203	22134	64.98691833818465
SRX10864010	22937379	14767249	314	307916	0	0	0	0	0	0	0	0	0	7351585	490447	19868	64.3807167331542
SRX10864011	24104412	14726746	441	539253	0	0	0	0	0	0	0	0	0	8350577	469116	18279	61.09564506282087
SRX10864012	24088702	14490224	1281	577801	0	0	0	0	0	0	0	0	0	8526163	475307	17926	60.15361060135162
SRX10864013	24098535	14596145	412	560304	0	0	0	0	0	0	0	0	0	8452776	470623	18275	60.568598879558444
SRX10864014	22707858	12505897	224	560951	0	0	0	0	0	0	0	0	0	9242749	383642	14395	55.07299279394825
SRX10864015	24101200	13155217	172	547558	0	0	0	0	0	0	0	0	0	9965809	417390	15054	54.583244817685426
SRX10864016	24098393	13193587	101	536567	0	0	0	0	0	0	0	0	0	9938040	415130	14968	54.74882495276759
SRX11229889	25626153	17633491	600258	2138998	0	0	0	0	45156	0	0	0	0	4513091	637876	57283	68.81052727656781
SRX11313113	27683415	13604269	731651	4992744	0	0	0	0	56431	0	0	0	0	7841487	426751	30082	49.14230776802645
SRX11402692	24161289	5808753	1603207	2248801	0	0	0	0	108404	0	0	0	0	14088680	297073	6371	24.04156913979217
SRX11402693	34585571	9359599	2813466	3048445	0	0	0	0	124549	0	0	0	0	18739704	487833	11975	27.062149703990716
SRX15590299	6402403	4660541	26418	122164	0	0	0	0	0	0	0	0	0	1295472	292921	4887	72.79362139496686
SRX15590300	7040958	5112274	23793	131967	0	0	0	0	0	0	0	0	0	1445305	325093	2526	72.60764799335546
SRX15590301	7521525	5757946	33721	122809	0	0	0	0	0	0	0	0	0	1246156	354654	6239	76.55290649170215
SRX15590302	7042880	230991	125	137536	0	0	0	0	0	0	0	0	0	6627115	47014	99	3.2797804307328824
SRX15590303	7070903	193026	214	148394	0	0	0	0	0	0	0	0	0	6687929	41268	72	2.729863498339604
SRX15590304	6869606	3944642	36911	1442515	0	0	0	0	0	0	0	0	0	1182370	261152	2016	57.42166290177341
SRX15590305	6758127	4795565	26374	135612	0	0	0	0	0	0	0	0	0	1487148	309003	4425	70.95997160159908
SRX15590306	6699604	4803643	30630	144382	0	0	0	0	0	0	0	0	0	1408501	307954	4494	71.7004019939089
SRX15590307	5916773	4364684	24317	121607	0	0	0	0	0	0	0	0	0	1124702	277119	4344	73.76798129656149
SRX15590308	7000688	4823784	35881	139625	0	0	0	0	0	0	0	0	0	1674795	322225	4378	68.90442767910811
SRX15590309	6701834	4672498	45019	159099	0	0	0	0	0	0	0	0	0	1519912	301135	4171	69.71969165455306
SRX15590310	6882776	4501510	29658	543344	0	0	0	0	0	0	0	0	0	1479406	327069	1789	65.4025352561234
SRX15590311	7580689	4527930	26279	158335	0	0	0	0	0	0	0	0	0	2567919	294453	5773	59.729795009398224
SRX15590312	8609673	4811606	56025	218474	0	0	0	0	0	0	0	0	0	3215175	302497	5896	55.8860481693091
SRX15590313	7738940	5021690	25671	143826	0	0	0	0	0	0	0	0	0	2221082	320272	6399	64.88860231504573
SRX15590314	7392133	3901846	22200	164224	0	0	0	0	0	0	0	0	0	3044091	255226	4546	52.78376349559728
SRX15590315	7767436	5026656	138931	162928	0	0	0	0	0	0	0	0	0	2151143	282640	5138	64.71448235942981
SRX15590316	6527666	4401988	14469	126000	0	0	0	0	0	0	0	0	0	1691516	288440	5253	67.4358645188035
SRX15590317	7116554	3169496	58024	149683	0	0	0	0	0	0	0	0	0	3532563	202738	4050	44.53694864115413
SRX15590318	6948799	2565358	53388	152723	0	0	0	0	0	0	0	0	0	3999507	174403	3420	36.91800554311616
SRX15590319	6930838	2862428	30460	137787	0	0	0	0	0	0	0	0	0	3704060	192117	3986	41.29988321758494
SRX15630037	3852396	1168497	242389	234464	0	0	0	0	122	0	0	0	0	2162012	43988	924	30.331694872489745
SRX15630038	3987136	1300720	27325	287523	0	0	0	0	142	0	0	0	0	2322662	47281	1483	32.62291529559062
SRX15630039	3815161	1707028	40156	204809	0	0	0	0	317	0	0	0	0	1797431	64542	878	44.743275578671515
SRX15630040	4347008	1709547	288840	302307	0	0	0	0	248	0	0	0	0	1974240	70955	871	39.326980764700686
SRX15630041	3861229	1289114	131013	252914	0	0	0	0	160	0	0	0	0	2134259	52442	1327	33.38610582278337
SRX15630042	3905971	1424174	77652	349539	0	0	0	0	316	0	0	0	0	1981144	72365	781	36.46145862322071
SRX15630043	4433424	1512795	101287	253652	0	0	0	0	250	0	0	0	0	2498645	65589	1206	34.12249764516094
SRX15630044	3853247	1359444	31435	270749	0	0	0	0	160	0	0	0	0	2131700	58339	1420	35.280479034954155
SRX15630045	3683358	1597659	26782	196440	0	0	0	0	226	0	0	0	0	1797704	63271	1276	43.3750669905016
SRX15630046	3949722	1667011	135938	215724	0	0	0	0	271	0	0	0	0	1862710	67034	1034	42.205780558733
SRX15630047	4271685	1632896	63195	297223	0	0	0	0	228	0	0	0	0	2208818	67713	1612	38.22603960732123
SRX15630048	3920609	1781422	32531	238232	0	0	0	0	321	0	0	0	0	1798238	68712	1153	45.43737975401271
SRX15947806	9514921	5535990	1647123	389875	0	0	0	0	118691	0	0	0	0	1454681	292294	76267	58.182196152758394
SRX15947807	12751861	9606787	645489	772288	0	0	0	0	320670	0	0	0	0	520098	614832	271697	75.33635286645612
SRX15947808	12588392	7692508	1529833	396387	0	0	0	0	167078	0	0	0	0	2270600	423781	108205	61.1079477029314
SRX15947809	9071300	5471904	985377	292833	0	0	0	0	119140	0	0	0	0	1797489	312164	92393	60.321056518911284
SRX15947810	11329696	6778310	2150448	255763	0	0	0	0	162224	0	0	0	0	1505231	358894	118826	59.82781885762866
SRX15947812	11668109	6807708	2211302	326514	0	0	0	0	236649	0	0	0	0	1522659	406028	157249	58.34456980132771
SRX15947813	10177084	5645067	2364033	394365	0	0	0	0	202006	0	0	0	0	1102200	328263	141150	55.46841315252974
SRX15947814	9492312	5128042	2275192	336105	0	0	0	0	167636	0	0	0	0	1171321	299183	114833	54.023108384975124
SRX15947815	8780357	6895079	295433	476437	0	0	0	0	167403	0	0	0	0	335034	421768	189203	78.52845846700767
SRX15947816	9835808	7667886	433479	555799	0	0	0	0	159344	0	0	0	0	382186	465088	172026	77.95888248326929
SRX17839586	14822263	7415602	19858	839356	0	0	0	0	8839	0	0	0	0	6058213	475596	4799	50.03016071162683
SRX17839587	18102561	8276190	24793	3550426	0	0	0	0	5937	0	0	0	0	5723870	516087	5258	45.71833786390776
SRX17839588	13792468	6557860	18013	1514270	0	0	0	0	4384	0	0	0	0	5271406	422425	4110	47.54667547533915
SRX17839589	18539831	8668019	24583	2011366	0	0	0	0	4612	0	0	0	0	7365497	461816	3938	46.75349521794454
SRX17839590	21266612	11205599	26523	1242957	0	0	0	0	8035	0	0	0	0	8252867	525952	4679	52.691039832766975
SRX17839591	19601147	9519736	65333	2358507	0	0	0	0	7593	0	0	0	0	7152645	492710	4623	48.56723945797662
SRX18913104	9599661	4735918	1192054	646049	0	0	0	0	53679	0	0	0	0	2663477	300834	7650	49.33422128135567
SRX18913105	11009204	5591449	1487293	781939	0	0	0	0	46376	0	0	0	0	2768970	324326	8851	50.7888581227126
SRX18913106	8851453	4512357	1509509	517036	0	0	0	0	54372	0	0	0	0	1990720	260559	6900	50.97871502000858
SRX18913107	9449641	6189426	910336	779825	0	0	0	0	40379	0	0	0	0	1138377	379539	11759	65.49905969972828
SRX18913108	10165768	6516231	1044623	843259	0	0	0	0	40869	0	0	0	0	1289129	419819	11838	64.09974140665025
SRX18913109	11539604	7533751	1186495	875807	0	0	0	0	51429	0	0	0	0	1399643	476357	16122	65.28604447778278
SRX18913110	8603969	5056352	1108762	644388	0	0	0	0	36406	0	0	0	0	1493953	255987	8121	58.76766873520813
SRX18913111	8894545	5228432	1213580	739864	0	0	0	0	42104	0	0	0	0	1389128	272318	9119	58.782455988473835
SRX18913112	11081462	6415765	1541654	809219	0	0	0	0	49758	0	0	0	0	1927408	326671	10987	57.89637684991384
SRX18913113	9632580	6819720	790942	1100488	0	0	0	0	28487	0	0	0	0	500939	379634	12370	70.79847766641959
SRX18913114	9718609	6332158	684050	783740	0	0	0	0	30711	0	0	0	0	1499982	376032	11936	65.15498257003651
SRX18913115	9784391	6228828	718446	826002	0	0	0	0	34549	0	0	0	0	1573805	390850	11911	63.66086555617002
SRX2356912	10296549	765838	8869359	306161	0	0	0	0	0	0	0	0	0	303539	51304	348	7.43781241656792
SRX2356913	8723592	482416	7725975	249088	0	0	0	0	0	0	0	0	0	230117	35757	239	5.530015617419981
SRX2356914	9920031	577028	8674879	318562	0	0	0	0	0	0	0	0	0	309685	39604	273	5.816796338640474
SRX2356915	11636035	498135	10320951	395013	0	0	0	0	0	0	0	0	0	389377	32308	251	4.280968560166758
SRX2356916	8490206	297130	7574698	243497	0	0	0	0	0	0	0	0	0	357265	17475	141	3.4996795130765963
SRX2356917	10897421	302914	9603104	336597	0	0	0	0	0	0	0	0	0	637714	16958	134	2.779685211757901
SRX2356918	10417045	206792	9082722	328795	0	0	0	0	0	0	0	0	0	786928	11693	115	1.9851311000384466
SRX2356919	18379529	280772	16138761	522085	0	0	0	0	0	0	0	0	0	1420609	17183	119	1.52763435885653
SRX2356920	13539891	202595	11344110	535189	0	0	0	0	0	0	0	0	0	1443899	13977	121	1.496282355596511
SRX2356921	9528472	542875	8151989	411746	0	0	0	0	0	0	0	0	0	390022	31460	380	5.697398281697212
SRX2356922	12374908	1047017	10197705	615518	0	0	0	0	0	0	0	0	0	449856	64160	652	8.46080633488346
SRX2356923	11500208	956713	9684352	466964	0	0	0	0	0	0	0	0	0	325903	65728	548	8.319093011187276
SRX2356924	11365808	1068127	9632660	282934	0	0	0	0	0	0	0	0	0	313396	68208	483	9.397721657800307
SRX2356925	11215629	846143	9794888	275119	0	0	0	0	0	0	0	0	0	243966	55112	401	7.5443205191612535
SRX2356926	14287091	934731	12530177	416625	0	0	0	0	0	0	0	0	0	342556	62514	488	6.542486500575939
SRX2356927	11502743	751748	10119380	318634	0	0	0	0	0	0	0	0	0	262193	50490	298	6.53538030015971
SRX2356928	13135996	707869	11682993	311679	0	0	0	0	0	0	0	0	0	383899	49292	264	5.388772956386405
SRX2356929	15185407	680489	13467626	390024	0	0	0	0	0	0	0	0	0	602224	44815	229	4.481203566028886
SRX2356930	12099681	291839	10751250	311903	0	0	0	0	0	0	0	0	0	724038	20526	125	2.4119561499183324
SRX2356931	12865353	210690	11487470	364496	0	0	0	0	0	0	0	0	0	788445	14149	103	1.6376542485853283
SRX2356932	13789883	218194	12208506	335509	0	0	0	0	0	0	0	0	0	1012858	14725	91	1.5822759337406997
SRX2356933	16297408	910662	14389850	371352	0	0	0	0	0	0	0	0	0	579085	45923	536	5.587771994172325
SRX2356934	15464914	1094758	13400854	370929	0	0	0	0	0	0	0	0	0	536271	61459	643	7.078978906704557
SRX2356935	10715395	782852	9220964	318937	0	0	0	0	0	0	0	0	0	342492	49739	411	7.305862266393352
SRX259777	36164634	28335601	3047599	1934506	0	0	0	0	0	0	0	0	0	1814386	1004704	27838	78.35168745244317
SRX259778	24359231	17885670	3055343	1314782	0	0	0	0	0	0	0	0	0	1423300	660733	19403	73.4246085190456
SRX259779	26006755	13896642	9087625	1184449	0	0	0	0	0	0	0	0	0	1275352	547245	15442	53.43474032035138
SRX259780	28488625	18792685	5991444	1464025	0	0	0	0	0	0	0	0	0	1548398	672680	19393	65.96557397908815
SRX259781	14784598	8696705	4301368	780101	0	0	0	0	0	0	0	0	0	680576	317259	8589	58.8227356604488
SRX259782	14645289	8826789	4003168	740618	0	0	0	0	0	0	0	0	0	755090	310338	9286	60.27050063675766
SRX259783	27350230	11878439	12561433	1411772	0	0	0	0	0	0	0	0	0	1090962	394370	13254	43.43085597452014
SRX259784	18909243	12083541	4413663	1130619	0	0	0	0	0	0	0	0	0	854558	412221	14641	63.90282783927416
SRX259785	23295119	5836089	15094306	1429290	0	0	0	0	0	0	0	0	0	726837	202277	6320	25.052840468426023
SRX259786	61005765	32586663	20757253	3681075	0	0	0	0	0	0	0	0	0	2741302	1202592	36880	53.41571079388972
SRX259787	40375154	28660873	6142453	2689072	0	0	0	0	0	0	0	0	0	1805840	1045889	31027	70.98641159362514
SRX259788	51421520	26707113	18109774	3349890	0	0	0	0	0	0	0	0	0	2295123	929569	30051	51.9376187246118
SRX259789	15400005	480662	13823291	901306	0	0	0	0	0	0	0	0	0	171926	22175	645	3.121180804811427
SRX259790	9211244	3796838	4234397	640044	0	0	0	0	0	0	0	0	0	389600	145730	4635	41.2196007401389
SRX259791	29256025	15338421	10189371	1943542	0	0	0	0	0	0	0	0	0	1207514	559400	17777	52.42824683120827
SRX259792	12823449	5252736	4794328	2091009	0	0	0	0	0	0	0	0	0	481572	197630	6174	40.96195961008618
SRX259793	15585581	8243610	4419321	1880427	0	0	0	0	0	0	0	0	0	713291	319153	9779	52.89254215162078
SRX3159653	14902248	8074194	800887	1379858	0	0	0	0	0	0	0	0	0	4138652	504099	4558	54.181047047398486
SRX3159654	18764116	10446160	956744	1952066	0	0	0	0	0	0	0	0	0	4790892	611947	6307	55.67094127962117
SRX3159655	16619909	8326423	2580255	1396542	0	0	0	0	0	0	0	0	0	3865029	445862	5798	50.09908899019844
SRX3159656	10815927	5766161	1054266	1076447	0	0	0	0	0	0	0	0	0	2582680	332824	3549	53.31175959305199
SRX3159657	12280934	7765516	758629	917761	0	0	0	0	0	0	0	0	0	2402768	432033	4227	63.23229161560513
SRX3159658	13841871	8442542	1405626	892892	0	0	0	0	0	0	0	0	0	2657515	438819	4477	60.9927805280081
SRX3159659	16918006	10097729	1621884	1273604	0	0	0	0	0	0	0	0	0	3390798	527964	6027	59.686283359871126
SRX3159660	16578507	7033109	6443387	798365	0	0	0	0	0	0	0	0	0	1932670	367323	3653	42.423054138711045
SRX3159661	18088638	8958478	1875465	4257634	0	0	0	0	0	0	0	0	0	2489067	504121	3873	49.525442435190534
SRX3159662	21216943	13729351	860717	2575271	0	0	0	0	0	0	0	0	0	3319128	726978	5498	64.70937401302346
SRX3159663	17112856	10442935	989086	2584169	0	0	0	0	0	0	0	0	0	2559538	532329	4799	61.023916755917305
SRX3159664	19430842	10591563	1686781	3874207	0	0	0	0	0	0	0	0	0	2698089	575524	4678	54.50902745233582
SRX3159665	16013940	11363588	466838	1236493	0	0	0	0	0	0	0	0	0	2337256	604442	5323	70.96060057674751
SRX3159666	17256524	10425035	1222007	2906793	0	0	0	0	0	0	0	0	0	2148585	549971	4133	60.4121374617507
SRX3159667	13317165	9470122	485223	947854	0	0	0	0	0	0	0	0	0	1932637	477492	3837	71.11214736770177
SRX3159668	16996035	11442361	441158	1547550	0	0	0	0	0	0	0	0	0	2933603	625954	5409	67.32370814722375
SRX3172761	9588489	4355296	88680	1093206	0	0	0	0	0	0	0	0	0	3796425	251785	3097	45.42213064018741
SRX3172762	13274502	5913653	149471	1350304	0	0	0	0	0	0	0	0	0	5475601	381365	4108	44.54896311741111
SRX3172763	15077901	6182978	149053	1748518	0	0	0	0	0	0	0	0	0	6595809	397897	3646	41.006888160361314
SRX3172764	16876445	8161509	526693	1413747	0	0	0	0	0	0	0	0	0	6340173	428551	5772	48.360356698344944
SRX3172765	14017168	6952170	742642	1157963	0	0	0	0	0	0	0	0	0	4787159	372712	4522	49.59753639251524
SRX3172766	13088071	5634774	458719	1389253	0	0	0	0	0	0	0	0	0	5268817	332633	3875	43.05274627559707
SRX3176780	16694501	8084999	74788	3187828	0	0	0	0	0	0	0	0	0	4849212	493127	4547	48.42911447308308
SRX3176781	15204811	7489198	58344	2444573	0	0	0	0	0	0	0	0	0	4777344	431693	3659	49.25544947582709
SRX3176782	10889117	4919078	64332	2153825	0	0	0	0	0	0	0	0	0	3459607	290200	2075	45.17425976780303
SRX3176783	17134418	6865130	175544	2928912	0	0	0	0	0	0	0	0	0	6725963	435728	3141	40.06631564608731
SRX3176784	14657620	4666641	91455	3138444	0	0	0	0	0	0	0	0	0	6461526	297207	2347	31.837644856395514
SRX3176785	16883125	4590601	183969	2406764	0	0	0	0	0	0	0	0	0	9416638	282753	2400	27.19046977381261
SRX3176786	12593236	2698519	92364	2160972	0	0	0	0	0	0	0	0	0	7486909	153068	1404	21.428320727095084
SRX3176787	12281423	2244532	109522	1988289	0	0	0	0	0	0	0	0	0	7802297	135680	1103	18.275830089070297
SRX3176788	15362469	2419059	149909	2398794	0	0	0	0	0	0	0	0	0	10236937	156310	1460	15.746550896213362
SRX3176789	10859474	7262438	339637	1055584	0	0	0	0	0	0	0	0	0	1815492	382128	4195	66.87651722357823
SRX3176790	15696999	10571896	523912	1415533	0	0	0	0	0	0	0	0	0	2647808	531793	6057	67.34979087403904
SRX3176791	11596281	7476522	333647	991630	0	0	0	0	0	0	0	0	0	2403041	387389	4052	64.47344627126577
SRX3176792	10009855	6072901	304260	1015980	0	0	0	0	0	0	0	0	0	2291849	321774	3091	60.66922048321379
SRX3176793	13687696	7544050	455412	1779163	0	0	0	0	0	0	0	0	0	3499952	404955	4164	55.11555779730934
SRX3176794	17633163	9553680	684487	1652648	0	0	0	0	0	0	0	0	0	5243283	493425	5640	54.18018310157968
SRX3176795	13883075	6225815	1230854	1964851	0	0	0	0	0	0	0	0	0	4146010	311886	3659	44.84463996628989
SRX3176796	21458195	7550886	2560094	3908202	0	0	0	0	0	0	0	0	0	7029813	404919	4281	35.188821799783256
SRX3176797	15359038	1901256	2753594	7759823	0	0	0	0	0	0	0	0	0	2836675	106730	960	12.378744033317712
SRX3176798	9019509	5247495	99811	788878	0	0	0	0	0	0	0	0	0	2572281	307690	3354	58.17938648323317
SRX3176799	8266995	4204721	162246	777967	0	0	0	0	0	0	0	0	0	2867491	252215	2355	50.86154037833578
SRX3176800	9224575	4344947	94469	779783	0	0	0	0	0	0	0	0	0	3744674	258564	2138	47.10186648165362
SRX3176801	9001492	3346267	231061	700238	0	0	0	0	0	0	0	0	0	4511795	210118	2013	37.17458172489627
SRX3176802	7641957	2318162	134756	603635	0	0	0	0	0	0	0	0	0	4434829	149218	1357	30.334664275132667
SRX3176803	7918176	1930810	247500	613317	0	0	0	0	0	0	0	0	0	5008751	116637	1161	24.38452997255934
SRX3176804	11926316	1874851	396587	794258	0	0	0	0	0	0	0	0	0	8730061	129312	1247	15.72028613026856
SRX3176805	10626721	2022296	140789	743734	0	0	0	0	0	0	0	0	0	7585630	132956	1316	19.030291658170004
SRX3176806	7886297	932174	2865484	347165	0	0	0	0	0	0	0	0	0	3675038	65841	595	11.820173650573901
SRX3176807	10405590	7290685	171612	522425	0	0	0	0	0	0	0	0	0	2012167	404400	4301	70.06508040389829
SRX3176808	12686501	8624677	192392	699574	0	0	0	0	0	0	0	0	0	2678572	486563	4723	67.98310266952251
SRX3176809	11361991	7608530	160167	668655	0	0	0	0	0	0	0	0	0	2499424	421430	3785	66.96475996152435
SRX3176810	21703928	12588691	794313	1759212	0	0	0	0	0	0	0	0	0	5860404	693804	7504	58.001901775568
SRX3176811	13605240	7999970	266932	792788	0	0	0	0	0	0	0	0	0	4139975	400097	5478	58.8006532777077
SRX3176812	22896262	12370029	606235	1586608	0	0	0	0	0	0	0	0	0	7744150	579683	9557	54.026412695661854
SRX3176813	12565286	6511232	319011	643716	0	0	0	0	0	0	0	0	0	4780687	305304	5336	51.81921048195799
SRX3176814	12416529	5083756	323484	656005	0	0	0	0	0	0	0	0	0	6062221	287813	3250	40.94345529253787
SRX3176815	13725564	3267172	1032068	1381658	0	0	0	0	0	0	0	0	0	7812529	230281	1856	23.803553719176858
SRX3211301	7889271	5964329	88486	157948	0	0	0	0	0	0	0	0	0	1329597	345556	3355	75.60050858945016
SRX3211302	8378625	6273028	100902	173627	0	0	0	0	0	0	0	0	0	1470321	357676	3071	74.86942069850363
SRX3211303	7989637	5834683	50218	146902	0	0	0	0	0	0	0	0	0	1596797	358381	2656	73.02813632208822
SRX3211304	8899792	6318197	275425	96041	0	0	0	0	0	0	0	0	0	1872413	334013	3703	70.99263668184605
SRX3211305	10541745	7326521	195045	229065	0	0	0	0	0	0	0	0	0	2433886	352678	4550	69.50007802313564
SRX3211306	7701446	5627545	100871	70008	0	0	0	0	0	0	0	0	0	1539311	361089	2622	73.07127778341885
SRX3211307	10507491	7713644	63797	120566	0	0	0	0	0	0	0	0	0	2157538	448145	3801	73.41090275499641
SRX3211308	9064096	6185660	375937	111777	0	0	0	0	0	0	0	0	0	1957266	429937	3519	68.24354022728797
SRX3211309	9115850	6770594	72603	123898	0	0	0	0	0	0	0	0	0	1734987	410913	2855	74.27276666465552
SRX3211310	7478543	5156514	301853	78993	0	0	0	0	0	0	0	0	0	1627048	311554	2581	68.95078359514682
SRX3211311	9901118	7424767	46940	151982	0	0	0	0	0	0	0	0	0	1824987	448880	3562	74.98917798979873
SRX3211312	7595203	5351359	125256	76108	0	0	0	0	0	0	0	0	0	1718422	321385	2673	70.45708982366897
SRX3211313	9425027	6728985	86672	170091	0	0	0	0	0	0	0	0	0	2047635	388356	3288	71.39486178660283
SRX3211314	9442261	6580183	181681	147491	0	0	0	0	0	0	0	0	0	2125166	404171	3569	69.68863707537845
SRX3211315	11492940	8275663	109372	182321	0	0	0	0	0	0	0	0	0	2468012	453127	4445	72.0064926815941
SRX3211316	10849204	7699734	104915	143701	0	0	0	0	0	0	0	0	0	2424605	472840	3409	70.97049700604762
SRX3211317	12832533	9040612	273609	208642	0	0	0	0	0	0	0	0	0	2761253	543940	4477	70.45072083586304
SRX3211318	9978101	7198643	140952	98129	0	0	0	0	0	0	0	0	0	2101087	435705	3585	72.14441906330673
SRX3211319	13206338	9350671	185570	172546	0	0	0	0	0	0	0	0	0	2991686	500895	4970	70.80441981721201
SRX3211320	9128765	6726054	392674	126966	0	0	0	0	0	0	0	0	0	1534039	339816	9216	73.679780342686
SRX3211321	7472343	5094658	92049	130458	0	0	0	0	0	0	0	0	0	1916327	235415	3436	68.1801946190104
SRX3211322	10983690	7970918	635458	159591	0	0	0	0	0	0	0	0	0	1749783	464125	3815	72.57049315849228
SRX3211323	5846676	4461132	34754	89443	0	0	0	0	0	0	0	0	0	1008434	250513	2400	76.3020218667838
SRX3211324	4354764	3363758	173568	51335	0	0	0	0	0	0	0	0	0	597812	166684	1607	77.2431755199593
SRX3211325	6166001	4867649	32933	63216	0	0	0	0	0	0	0	0	0	941022	258574	2607	78.94337026542811
SRX3211326	9267008	4643612	3584829	128736	0	0	0	0	0	0	0	0	0	694721	212752	2358	50.109075118959645
SRX3211327	7529042	5906454	45575	80909	0	0	0	0	0	0	0	0	0	1153970	339034	3100	78.44894476614688
SRX3211328	8392149	3341748	4077110	83236	0	0	0	0	0	0	0	0	0	703303	184944	1808	39.81993170045003
SRX3211329	6181510	4747191	40534	91351	0	0	0	0	0	0	0	0	0	1030034	269872	2528	76.79662412582039
SRX3211330	5314794	3917599	103546	91245	0	0	0	0	0	0	0	0	0	974412	226038	1954	73.71121063205837
SRX3211331	6043883	4558212	39856	105787	0	0	0	0	0	0	0	0	0	1080254	257316	2458	75.41860092261878
SRX3211332	7629023	5576323	147524	123036	0	0	0	0	0	0	0	0	0	1460795	318695	2650	73.09354028687552
SRX3211333	6405583	4686881	48944	112873	0	0	0	0	0	0	0	0	0	1300287	254079	2519	73.16868737787021
SRX3211334	8135311	4750192	189327	180678	0	0	0	0	0	0	0	0	0	2719933	292570	2611	58.389802184575366
SRX3211335	7031448	3928335	50452	122113	0	0	0	0	0	0	0	0	0	2714551	213818	2179	55.86808008819805
SRX3211336	6661889	4646922	154199	131459	0	0	0	0	0	0	0	0	0	1439267	287400	2642	69.75381907443969
SRX3211337	7188130	5094586	59359	149769	0	0	0	0	0	0	0	0	0	1562419	319311	2686	70.87498417530011
SRX3211338	9709258	6852126	372391	214369	0	0	0	0	0	0	0	0	0	1874401	391633	4338	70.57311691583436
SRX3211339	8585396	6391014	52250	180674	0	0	0	0	0	0	0	0	0	1584124	373417	3917	74.44052668042336
SRX3211340	8505634	6549227	114351	183090	0	0	0	0	0	0	0	0	0	1327857	327821	3288	76.99869286639891
SRX3211341	9584698	7265836	50447	196700	0	0	0	0	0	0	0	0	0	1661210	406093	4412	75.80662426713914
SRX3211342	8231026	6189276	195985	175455	0	0	0	0	0	0	0	0	0	1332816	334239	3255	75.1944654287327
SRX3211343	9277153	6317221	420698	191182	0	0	0	0	0	0	0	0	0	1936563	408174	3315	68.09439275174182
SRX3211344	5245434	3766832	37920	101848	0	0	0	0	0	0	0	0	0	1107514	229447	1873	71.81163655857647
SRX3211345	8922455	6120911	265210	234803	0	0	0	0	0	0	0	0	0	1938012	360356	3163	68.60119776451661
SRX3211346	8776769	6300951	69776	174662	0	0	0	0	0	0	0	0	0	1860221	367598	3561	71.79123661566118
SRX3211347	8005651	4413126	2488590	141349	0	0	0	0	0	0	0	0	0	740536	219560	2490	55.12513598207066
SRX3211348	8491400	6552604	72257	124684	0	0	0	0	0	0	0	0	0	1369468	369205	3182	77.16753421108416
SRX3211349	10505257	7169035	263645	235776	0	0	0	0	0	0	0	0	0	2379684	453754	3363	68.24235713605103
SRX3211350	7922927	5673415	89135	115269	0	0	0	0	0	0	0	0	0	1726472	316047	2589	71.60756371982224
SRX3211351	7122937	3431229	2175101	120149	0	0	0	0	0	0	0	0	0	1210574	184314	1570	48.1715477758683
SRX3211352	7337409	4829984	108306	159189	0	0	0	0	0	0	0	0	0	1944356	293454	2120	65.82683342307891
SRX3211353	8575045	5164229	181144	229783	0	0	0	0	0	0	0	0	0	2724100	273197	2592	60.22392885401767
SRX3211354	7362443	4438605	80008	132573	0	0	0	0	0	0	0	0	0	2465910	242873	2474	60.28712208705724
SRX3211355	7604401	5069152	240794	201528	0	0	0	0	0	0	0	0	0	1837742	252373	2812	66.66076657451389
SRX3211356	6412926	4488524	88805	144142	0	0	0	0	0	0	0	0	0	1471623	217052	2780	69.99182588415958
SRX3211357	8328750	5751677	287542	202391	0	0	0	0	0	0	0	0	0	1790144	294049	2947	69.05810595827705
SRX3211358	7950948	5806337	77578	166179	0	0	0	0	0	0	0	0	0	1611792	285688	3374	73.0269774120017
SRX3211359	9496680	6618297	294244	221889	0	0	0	0	0	0	0	0	0	1993601	365582	3067	69.69063925498175
SRX3211360	8233057	5969402	71655	153428	0	0	0	0	0	0	0	0	0	1697910	337444	3218	72.50529177679688
SRX3312459	11859800	7385495	255977	1344239	0	0	0	0	0	0	0	0	0	2458813	410760	4516	62.273351995817805
SRX3312460	11515913	7449856	255230	1118799	0	0	0	0	0	0	0	0	0	2285762	401812	4454	64.69183989146148
SRX3312461	13737010	8585312	419751	1427373	0	0	0	0	0	0	0	0	0	2824972	475363	4239	62.49767598625902
SRX3312462	12947000	7648568	461045	1344993	0	0	0	0	0	0	0	0	0	3080406	408078	3910	59.07598671506913
SRX3312463	13256903	7071549	651396	1484543	0	0	0	0	0	0	0	0	0	3672153	373407	3855	53.342390752953385
SRX3312464	17134598	9038260	573848	1667796	0	0	0	0	0	0	0	0	0	5384182	465238	5274	52.74859672809365
SRX3312465	11702495	5286368	714028	1462157	0	0	0	0	0	0	0	0	0	3960783	275782	3377	45.17299943302689
SRX3312466	9332655	3703913	473231	1186350	0	0	0	0	0	0	0	0	0	3769092	197551	2518	39.68766658576793
SRX3312467	12048478	4035610	1877838	1632100	0	0	0	0	0	0	0	0	0	4277964	222235	2731	33.49477004481396
SRX3312468	10758283	5711988	1040657	2071080	0	0	0	0	0	0	0	0	0	1626841	304859	2858	53.09386265447748
SRX3312469	12599814	7263158	953623	1777253	0	0	0	0	0	0	0	0	0	2208706	393183	3891	57.64496206055105
SRX3312470	25794309	15012664	2457586	2962679	0	0	0	0	0	0	0	0	0	4577202	776469	7709	58.20145831392498
SRX3312471	17175605	8622382	1892482	2825760	0	0	0	0	0	0	0	0	0	3364082	466603	4296	50.20132915259754
SRX3312472	17463827	8445322	1663787	2473912	0	0	0	0	0	0	0	0	0	4430395	445389	5022	48.35894217229706
SRX3312473	14157948	5580782	2442174	2290819	0	0	0	0	0	0	0	0	0	3548527	291943	3703	39.41801453148436
SRX3312474	11591662	3830479	3435093	1361758	0	0	0	0	0	0	0	0	0	2750180	211337	2815	33.04512329638321
SRX3312475	13404912	3685579	3287029	2473357	0	0	0	0	0	0	0	0	0	3754477	202064	2406	27.49424240905125
SRX3312476	11343259	2381840	3805897	1973383	0	0	0	0	0	0	0	0	0	3039519	140972	1648	20.997845504541505
SRX3312477	5679245	3346532	238906	743211	0	0	0	0	0	0	0	0	0	1143729	204968	1899	58.925649448122066
SRX3312478	7303850	3600033	1140236	774744	0	0	0	0	0	0	0	0	0	1571334	215577	1926	49.28952538729574
SRX3312479	8592259	5050314	198096	827128	0	0	0	0	0	0	0	0	0	2222068	292232	2421	58.77748796911266
SRX3312480	8784247	5171352	154709	887629	0	0	0	0	0	0	0	0	0	2303653	264395	2509	58.87074896687218
SRX3312481	9906601	5350801	205274	1067652	0	0	0	0	0	0	0	0	0	2986559	293345	2970	54.01248117290683
SRX3312482	6954671	3178112	202618	1195697	0	0	0	0	0	0	0	0	0	2210182	166072	1990	45.69751753893175
SRX3312483	9224609	4346908	207582	777116	0	0	0	0	0	0	0	0	0	3661760	228600	2643	47.122951227526286
SRX3312484	9476855	4209146	294184	1077917	0	0	0	0	0	0	0	0	0	3661339	231600	2669	44.41500898768631
SRX3312485	11145617	4338685	1448878	1011552	0	0	0	0	0	0	0	0	0	4096556	247280	2666	38.92727517911301
SRX3312486	10094641	5416705	1031375	1106541	0	0	0	0	0	0	0	0	0	2230430	305924	3666	53.659213834350325
SRX3312487	8371818	4833877	699666	850402	0	0	0	0	0	0	0	0	0	1727828	256844	3201	57.73987203257405
SRX3312488	9908236	5715149	914948	1089043	0	0	0	0	0	0	0	0	0	1882106	304084	2906	57.680792019891335
SRX3312489	7901487	4175762	1017081	1057548	0	0	0	0	0	0	0	0	0	1443475	205468	2153	52.8477994078836
SRX3312490	9275428	3643220	1822907	1969491	0	0	0	0	0	0	0	0	0	1656096	181739	1975	39.278187486334865
SRX3312491	3400431	1458785	533760	437793	0	0	0	0	0	0	0	0	0	892219	76898	976	42.900002970211716
SRX3312492	22905513	9439135	4176940	2208820	0	0	0	0	0	0	0	0	0	6597872	476493	6253	41.20900937691289
SRX3312493	10483460	2691061	3454278	1499448	0	0	0	0	0	0	0	0	0	2689727	147339	1607	25.66958809400713
SRX3312494	6153832	1667625	1466831	832726	0	0	0	0	0	0	0	0	0	2085626	100094	930	27.09896857762773
SRX359366	13659132	1240031	11665721	217972	0	0	0	0	0	0	0	0	0	465692	68999	717	9.0784026393478
SRX359367	12017338	1151862	10285263	175271	0	0	0	0	0	0	0	0	0	342902	61459	581	9.585001270664103
SRX359368	11933774	968387	10386427	230707	0	0	0	0	0	0	0	0	0	293748	53927	578	8.1146752066865
SRX359369	14201301	1286472	12133364	265772	0	0	0	0	0	0	0	0	0	440570	74380	743	9.058832004194544
SRX359370	11455370	1153784	9649319	173581	0	0	0	0	0	0	0	0	0	411795	66294	597	10.071992436734911
SRX359371	12172509	1162529	10365410	221092	0	0	0	0	0	0	0	0	0	356278	66566	634	9.550446830641079
SRX359372	9585273	636750	8645113	65902	0	0	0	0	0	0	0	0	0	199182	37904	422	6.643003282222634
SRX359373	11590531	765112	10458110	90131	0	0	0	0	0	0	0	0	0	232683	44082	413	6.601181602464978
SRX359374	12655792	787152	11446643	115846	0	0	0	0	0	0	0	0	0	267229	38509	413	6.219697668861814
SRX359375	11790971	667846	10789029	107162	0	0	0	0	0	0	0	0	0	193474	33089	371	5.664045819466438
SRX359376	10504781	602553	9521304	84139	0	0	0	0	0	0	0	0	0	262246	34180	359	5.735988213366848
SRX359377	11571256	628976	10584979	82842	0	0	0	0	0	0	0	0	0	238746	35347	366	5.435676127120513
SRX359378	10313195	763839	9176959	77089	0	0	0	0	0	0	0	0	0	253069	41825	414	7.40642448824055
SRX359379	9544087	639071	8545778	74760	0	0	0	0	0	0	0	0	0	247422	36664	392	6.695988835810067
SRX359380	10392541	588541	9462749	90242	0	0	0	0	0	0	0	0	0	217368	33228	413	5.663109724561106
SRX359381	9954919	751119	8801987	73409	0	0	0	0	0	0	0	0	0	284668	43282	454	7.545204536571318
SRX359382	12249229	953854	10812133	104019	0	0	0	0	0	0	0	0	0	325958	52701	564	7.787053372910247
SRX359383	12166072	909620	10802561	101298	0	0	0	0	0	0	0	0	0	302411	49661	521	7.476694203355034
SRX4105497	13547027	2121504	2787758	7695516	0	0	0	0	0	0	0	0	0	820132	121076	1041	15.660292106895485
SRX4105498	18060491	1263463	3553457	12470441	0	0	0	0	0	0	0	0	0	696302	76277	551	6.995728964400802
SRX4105499	12680705	810939	3035856	8299624	0	0	0	0	0	0	0	0	0	485820	48160	306	6.395062419636763
SRX4105500	28677256	542830	714917	26448149	0	0	0	0	0	0	0	0	0	941188	29948	224	1.8928937970913255
SRX4105501	12940664	914834	2754923	8671617	0	0	0	0	0	0	0	0	0	541316	57612	362	7.0694517684718505
SRX4105502	20576806	983077	4925030	13858314	0	0	0	0	0	0	0	0	0	734079	75856	450	4.777597650480837
SRX4105503	20933895	3236576	4360246	11863805	0	0	0	0	0	0	0	0	0	1284100	187463	1705	15.460935482861645
SRX4105504	18201496	1350299	3586779	12480061	0	0	0	0	0	0	0	0	0	705939	77840	578	7.4186154808374
SRX4105505	14407729	892830	3370913	9534373	0	0	0	0	0	0	0	0	0	555732	53514	367	6.1968822428572885
SRX4105506	4480833	17998	156863	4301719	0	0	0	0	0	0	0	0	0	3160	1066	27	0.4016663865848158
SRX4105507	3904744	15319	134268	3751665	0	0	0	0	0	0	0	0	0	2567	900	25	0.39231765257850454
SRX4105508	11263183	215991	275285	10389809	0	0	0	0	0	0	0	0	0	370109	11902	87	1.9176728283647704
SRX4105509	10780922	769840	2332134	7183940	0	0	0	0	0	0	0	0	0	447009	47709	290	7.140762172289159
SRX4105510	16259600	925505	3965969	10761606	0	0	0	0	0	0	0	0	0	545197	60954	369	5.692052695023247
SRX4105511	3259774	1286042	335286	570699	0	0	0	0	0	0	0	0	0	984088	82830	829	39.45187611165682
SRX4105512	4482753	2366138	405538	692696	0	0	0	0	0	0	0	0	0	898661	118096	1624	52.783144643481364
SRX4105513	4075617	763867	736900	2240659	0	0	0	0	0	0	0	0	0	287086	46755	350	18.742364653008366
SRX4105514	5145687	1685850	952324	1654640	0	0	0	0	0	0	0	0	0	752037	99835	1001	32.76238916203026
SRX4105515	3472019	142220	737224	2519221	0	0	0	0	0	0	0	0	0	63992	9269	93	4.096175740973767
SRX4105516	4798203	1191575	925853	2154942	0	0	0	0	0	0	0	0	0	457560	67611	662	24.83377631167335
SRX4105517	18311303	300287	1095343	16257672	0	0	0	0	0	0	0	0	0	639697	18135	169	1.6398996838182405
SRX4105518	14559724	486000	2705551	10592347	0	0	0	0	0	0	0	0	0	742624	33033	169	3.3379753627197877
SRX4105519	2353976	97521	405814	1758182	0	0	0	0	0	0	0	0	0	86284	6162	13	4.142820487549575
SRX4105520	13620440	160010	671481	12345351	0	0	0	0	0	0	0	0	0	433393	10133	72	1.1747784946741808
SRX4105521	9670967	74150	428854	8867448	0	0	0	0	0	0	0	0	0	295881	4594	40	0.7667278773673821
SRX4105522	17825907	787275	1867167	14382535	0	0	0	0	0	0	0	0	0	745004	43494	432	4.41646531646328
SRX4105523	11029356	119346	583492	9958347	0	0	0	0	0	0	0	0	0	360893	7216	62	1.0820758709756038
SRX4105524	13276464	78536	366211	12408724	0	0	0	0	0	0	0	0	0	418153	4801	39	0.5915430494143621
SRX4105525	12280213	1932859	2238356	3072671	0	0	0	0	0	0	0	0	0	4923886	111233	1208	15.739621128721465
SRX4105526	21743377	9455692	3168488	5055541	0	0	0	0	0	0	0	0	0	3611228	444087	8341	43.487688228006164
SRX4105527	17804954	6820948	5278825	2985032	0	0	0	0	0	0	0	0	0	2347380	369420	3349	38.309270554700674
SRX4105528	17323537	7358125	3322964	4345134	0	0	0	0	0	0	0	0	0	1928430	359925	8959	42.474726725841265
SRX4105529	20868876	10211412	2821358	3627669	0	0	0	0	0	0	0	0	0	3679247	523660	5530	48.931298456131515
SRX4105530	24433720	13234104	2297271	2793599	0	0	0	0	0	0	0	0	0	5442080	659229	7437	54.16327927143308
SRX4105531	5192752	43328	165063	4820531	0	0	0	0	0	0	0	0	0	161206	2610	14	0.8343937857998995
SRX4105532	3052717	25053	94531	2838296	0	0	0	0	0	0	0	0	0	93285	1546	6	0.8206787592823049
SRX4105533	16182366	2554429	2932895	3888438	0	0	0	0	0	0	0	0	0	6655260	149790	1554	15.785262797788654
SRX4105534	7692735	443097	1290516	5602633	0	0	0	0	0	0	0	0	0	329479	26603	407	5.7599410352754905
SRX4105535	6680652	383592	1102825	4885142	0	0	0	0	0	0	0	0	0	285740	23024	329	5.741834779000612
SRX4105536	15561205	5881855	4644988	2633501	0	0	0	0	0	0	0	0	0	2072525	325511	2825	37.798197504627694
SRX4105537	9097860	3677635	1678075	2266030	0	0	0	0	0	0	0	0	0	1286834	187200	2086	40.42307751493208
SRX4105538	18425735	9237278	2401695	3153108	0	0	0	0	0	0	0	0	0	3178818	449600	5236	50.1324804682147
SRX4105539	12025582	6404759	1154406	1415222	0	0	0	0	0	0	0	0	0	2717041	330550	3604	53.25945139287229
SRX4105540	17557688	6054953	1169864	7073209	0	0	0	0	0	0	0	0	0	2934735	321027	3900	34.48604964389389
SRX4105541	834150	450861	34546	137836	0	0	0	0	0	0	0	0	0	187304	23248	355	54.05035065635677
SRX4105542	3026512	1619441	763231	122815	0	0	0	0	0	0	0	0	0	447376	72645	1004	53.50849426666737
SRX4105543	2740879	1944206	38342	140579	0	0	0	0	0	0	0	0	0	512784	103858	1110	70.93366762998293
SRX4105544	2538318	1841912	40298	100774	0	0	0	0	0	0	0	0	0	458156	96209	969	72.56427287676327
SRX4105545	3316244	2328581	82506	165888	0	0	0	0	0	0	0	0	0	622052	115955	1262	70.21742067230277
SRX4105546	3184302	2185496	131525	173473	0	0	0	0	0	0	0	0	0	586966	105539	1303	68.63343991870117
SRX4105547	14484666	301339	771089	12909283	0	0	0	0	0	0	0	0	0	485533	17321	101	2.080400058931286
SRX4105548	17130163	490368	1505912	14428135	0	0	0	0	0	0	0	0	0	678735	26734	279	2.86259973124599
SRX4105549	8364896	466013	1372019	6210356	0	0	0	0	0	0	0	0	0	294185	21977	346	5.571055515812749
SRX4105550	13741165	327927	1449051	11531609	0	0	0	0	0	0	0	0	0	409598	22854	126	2.3864570434893984
SRX4105551	4489656	625685	1044664	2476598	0	0	0	0	0	0	0	0	0	300900	41520	289	13.936145664612166
SRX4105552	16425543	955784	2846617	11911083	0	0	0	0	0	0	0	0	0	658182	53358	519	5.818888300983414
SRX4105553	14528857	394617	1972376	11719135	0	0	0	0	0	0	0	0	0	418638	23934	157	2.71609115569105
SRX4105554	13113365	410061	1285204	10930730	0	0	0	0	0	0	0	0	0	465200	21906	264	3.127046337839296
SRX4105555	3358472	2217348	66803	187547	0	0	0	0	0	0	0	0	0	779367	106029	1378	66.022524529012
SRX4105556	777456	488894	9585	99396	0	0	0	0	0	0	0	0	0	156631	22603	347	62.8838159329917
SRX4105557	3443039	2498629	45387	143494	0	0	0	0	0	0	0	0	0	625923	128289	1317	72.57045302129892
SRX4105558	2552083	1735418	59456	182355	0	0	0	0	0	0	0	0	0	482229	91730	895	68.0000611265386
SRX4105559	3066598	2006854	107365	205014	0	0	0	0	0	0	0	0	0	646680	99506	1179	65.44235664407269
SRX4105560	2410054	1297074	66965	591251	0	0	0	0	0	0	0	0	0	392700	61283	781	53.81929201586354
SRX4105561	13979479	663698	1688634	11000804	0	0	0	0	0	0	0	0	0	591303	34648	392	4.747659050812981
SRX4105562	12147672	260968	1102650	10323754	0	0	0	0	0	0	0	0	0	445063	15075	162	2.148296397861253
SRX4105563	13200185	785779	2161061	9661132	0	0	0	0	0	0	0	0	0	550857	40924	432	5.952787782898497
SRX4105564	10646234	1051458	2927902	6110041	0	0	0	0	0	0	0	0	0	499800	56409	624	9.876337491736514
SRX4105565	13210201	3725796	3586624	4208127	0	0	0	0	0	0	0	0	0	1496868	190456	2330	28.203931189237775
SRX4105566	14699737	1004879	2135353	10807662	0	0	0	0	0	0	0	0	0	701387	49870	586	6.8360338691773865
SRX4105567	13096105	328530	823337	11405543	0	0	0	0	0	0	0	0	0	521861	16650	184	2.5086084755734626
SRX4105568	15013073	715124	1821961	11821139	0	0	0	0	0	0	0	0	0	617228	37169	452	4.763341922070185
SRX5055969	11275105	2981415	147141	6038408	0	0	0	0	324732	0	0	0	0	1535891	231589	15929	26.442458850715806
SRX5055970	10901590	2511966	430833	5878315	0	0	0	0	451864	0	0	0	0	1438193	185090	5329	23.04219843160493
SRX5055971	10912523	2502378	159650	5757431	0	0	0	0	385077	0	0	0	0	1907340	193416	7231	22.9312506374557
SRX5055972	9728686	2727651	455871	5327020	0	0	0	0	250335	0	0	0	0	731494	227448	8867	28.03719844591551
SRX689242	1132707	289494	145109	244789	0	0	0	0	0	0	0	0	0	354625	98471	219	25.55771263000935
SRX7119038	11275105	2981423	147141	6038408	0	0	0	0	324724	0	0	0	0	1535891	231589	15929	26.442529803491855
SRX7119039	10901590	2511962	430833	5878313	0	0	0	0	451871	0	0	0	0	1438193	185090	5328	23.04216173970953
SRX7119040	9386774	1349342	242980	5132497	0	0	0	0	384082	0	0	0	0	2164402	111404	2067	14.37492795714481
SRX7119041	11126621	3092236	900446	5951365	0	0	0	0	283791	0	0	0	0	631185	260943	6655	27.79133035986397
SRX8650808	43349072	27184652	334130	2627471	0	0	0	0	396766	0	0	0	0	10687430	1999976	118647	62.71103565954076
UV_control_1	12751861	9606809	645489	772288	0	0	0	0	320644	0	0	0	0	520098	614831	271702	75.33652539029401
UV_control_2	9071300	5472149	985377	292833	0	0	0	0	118902	0	0	0	0	1797486	312160	92393	60.32375734459229
UV_control_3	11668109	6807732	2211302	326514	0	0	0	0	236623	0	0	0	0	1522657	406032	157249	58.3447754901844
UV_exposure_2	12588392	7692292	1529833	396387	0	0	0	0	167318	0	0	0	0	2270583	423775	108204	61.10623183644106
UV_exposure_3	11329696	6778373	2150448	255763	0	0	0	0	162170	0	0	0	0	1505221	358895	118826	59.82837491844442
dark_4h_0110_KO_1	13340092	9272653	1709579	639678	0	0	0	0	103967	0	0	0	0	851427	602758	160030	69.50966305179904
dark_4h_0110_KO_2	11099544	7642854	1318376	520367	0	0	0	0	154294	0	0	0	0	786493	515958	161202	68.8573692757108
dark_4h_0616_KO_1	10454277	7678211	610703	698131	0	0	0	0	275358	0	0	0	0	471156	507719	212999	73.44564334769397
dark_4h_0616_KO_2	12451307	8774752	1207361	587122	0	0	0	0	172466	0	0	0	0	891248	600912	217446	70.47253754164122
dark_4h_1684_KO_1	10173270	3634626	1572232	465930	0	0	0	0	183629	0	0	0	0	3960647	303980	52226	35.727214553432674
dark_4h_1684_KO_2	7633047	2847611	643969	403988	0	0	0	0	108513	0	0	0	0	3365280	230533	33153	37.30634699354006
km_LL_1	11744332	6172690	1418613	419860	0	0	0	0	187840	0	0	0	0	3040454	399557	105318	52.558885426604085
km_LL_2	12923458	9732601	1169042	497807	0	0	0	0	126632	0	0	0	0	646114	560407	190855	75.30957271652835
km_dark_4h_1	9885299	6002771	1683514	646008	0	0	0	0	249288	0	0	0	0	733776	400823	169119	60.72422290919071
km_dark_4h_2	12892591	9119247	950653	821997	0	0	0	0	201907	0	0	0	0	976118	593354	229315	70.73246176815816
light_0110_KO_1	12295793	7045689	1364789	393912	0	0	0	0	160983	0	0	0	0	2784705	429935	115780	57.30162340891718
light_0110_KO_2	13686087	10158216	1432948	394505	0	0	0	0	161993	0	0	0	0	737997	591685	208743	74.22293895983564
light_0616_KO_1	9562722	7166745	379061	545223	0	0	0	0	342947	0	0	0	0	418451	476708	233587	74.94461305055192
light_0616_KO_2	12919964	9628753	849803	809665	0	0	0	0	161327	0	0	0	0	636291	613607	220518	74.52615967041393
light_1684_KO_1	14194683	10296574	1691258	528613	0	0	0	0	198258	0	0	0	0	629677	601560	248743	72.53824548248102
light_1684_KO_2	10487002	6280420	1670989	284824	0	0	0	0	161602	0	0	0	0	1641072	344106	103989	59.88765902781367
post_uv_2hrs_1	10177084	5645014	2364033	394365	0	0	0	0	202073	0	0	0	0	1102199	328250	141150	55.46789237467236
post_uv_2hrs_2	8780357	6895060	295433	476437	0	0	0	0	167431	0	0	0	0	335034	421765	189197	78.52824207489513
post_uv_2hrs_3	9835808	7667848	433479	555799	0	0	0	0	159386	0	0	0	0	382186	465087	172023	77.9584961398189
post_uv_control_1	9492312	5128005	2275192	336105	0	0	0	0	167677	0	0	0	0	1171318	299182	114833	54.02271859584894
post_uv_control_2	11149945	8723919	240119	651676	0	0	0	0	338235	0	0	0	0	369672	522933	303391	78.24181195512624
wt_LL_1	9000373	4615696	899592	316848	0	0	0	0	190120	0	0	0	0	2600051	304509	73557	51.28338569968156
wt_LL_2	10369652	5539628	1001100	392619	0	0	0	0	152508	0	0	0	0	2853643	347264	82890	53.421542015103306
wt_dark_4h_1	11921051	8242220	1233055	665954	0	0	0	0	206466	0	0	0	0	839241	527762	206353	69.14004478296418
wt_dark_4h_2	10582305	3794025	1002266	539907	0	0	0	0	223089	0	0	0	0	4619563	331905	71550	35.85253874274083
