Sample	featureCounts_mqc-generalstats-featurecounts-percent_assigned	featureCounts_mqc-generalstats-featurecounts-Assigned	Bowtie 1_mqc-generalstats-bowtie_1-reads_aligned_percentage	Bowtie 1_mqc-generalstats-bowtie_1-reads_aligned	Cutadapt_mqc-generalstats-cutadapt-percent_trimmed	FastQC_mqc-generalstats-fastqc-percent_duplicates	FastQC_mqc-generalstats-fastqc-percent_gc	FastQC_mqc-generalstats-fastqc-avg_sequence_length	FastQC_mqc-generalstats-fastqc-percent_fails	FastQC_mqc-generalstats-fastqc-total_sequences
DRX275049	7.950613719268302	80404	9.1	92034.0	35.66781713397231	18.232534652850518	51.0	73.39769384342618	10.0	1011293.0
DRX275050	82.62547647403241	829768	94.33	947336.0	6.007717205887861	7.3561984450276015	55.0	75.23947176605076	10.0	1004252.0
SRX063252	3.6547880926758243	554253	64.87	9837403.0	4.1331892206434135	87.4025335913304	49.0	30.981743962461227	27.27272727272727	15165120.0
SRX063253	0.19030737617586196	38492	3.66	740264.0	3.7125093408937175	85.85539406146253	38.0	40.764229767827175	27.27272727272727	20226226.0
SRX063254	0.18253609020018197	36823	3.55	715143.0	3.669923458358964	86.13313491676283	38.0	40.77559462285153	18.181818181818183	20172997.0
SRX10864008	64.04304672443715	13232940	98.74	20401774.0	0.8781838236333167	63.912758596418634	55.0	49.56275116973585	20.0	20662571.0
SRX10864009	64.98691833818465	15643315	98.88	23801470.0	0.8815770856954335	72.49871594495727	55.0	49.56118657084817	30.0	24071483.0
SRX10864010	64.3807167331542	14767249	98.66	22629463.0	0.8780139175112117	74.03119766888256	55.0	49.56280632586661	30.0	22937379.0
SRX10864011	61.09564506282087	14726746	97.76	23565159.0	0.8729322489843354	67.1448114310093	54.0	49.56652246899862	20.0	24104412.0
SRX10864012	60.15361060135162	14490224	97.6	23510901.0	0.889427283334793	77.80148822875564	54.0	49.5586841084256	20.0	24088702.0
SRX10864013	60.568598879558444	14596145	97.67	23538231.0	0.8797463212506782	59.19635786564665	55.0	49.5633839567426	20.0	24098535.0
SRX10864014	55.07299279394825	12505897	97.53	22146907.0	0.8805220466183254	78.63285039132374	55.0	49.56262757147768	30.0	22707858.0
SRX10864015	54.583244817685426	13155217	97.73	23553642.0	0.8830957520476914	66.39599877609035	54.0	49.56132005875226	30.0	24101200.0
SRX10864016	54.74882495276759	13193587	97.77	23561826.0	0.8849119928419522	75.84397109332428	54.0	49.56056127892013	30.0	24098393.0
SRX11229889	68.81052727656781	17633491	91.65	23487155.0	1.675760410244118	83.51300832759779	55.0	147.0848748542163	20.0	25626153.0
SRX11313113	49.14230776802645	13604269	81.96	22690671.0	1.7076287268866008	86.23135618865194	55.0	147.02474965606663	20.0	27683415.0
SRX11402692	24.04156913979217	5808753	90.69	21912488.0	6.531820448823758	93.06052860923924	53.0	140.33721098241074	40.0	24161289.0
SRX11402693	27.062149703990716	9359599	91.19	31537126.0	5.7262700053899485	91.91655779998051	51.0	141.1217491826288	40.0	34585571.0
SRX15590299	72.79362139496686	4660541	98.09	6280239.0	6.131719009957561	75.02438551570113	54.0	95.8715838412546	20.0	6402403.0
SRX15590300	72.60764799335546	5112274	98.13	6908991.0	6.312137818198944	75.80148906466337	55.0	95.88812459895372	20.0	7040958.0
SRX15590301	76.55290649170215	5757946	98.37	7398716.0	6.029918534418573	75.83814560498523	55.0	95.86829452803786	20.0	7521525.0
SRX15590302	3.2797804307328824	230991	98.05	6905344.0	5.624029029998452	76.77654530125375	54.0	96.07070289427053	20.0	7042880.0
SRX15590303	2.729863498339604	193026	97.9	6922509.0	6.152447750223853	76.89361931848072	54.0	95.936190328166	20.0	7070903.0
SRX15590304	57.42166290177341	3944642	79.0	5427091.0	5.877714794376144	70.20452475632075	54.0	95.97784356191607	20.0	6869606.0
SRX15590305	70.95997160159908	4795565	97.99	6622515.0	6.3472445742112376	76.2690930215526	54.0	95.73036612067219	20.0	6758127.0
SRX15590306	71.7004019939089	4803643	97.84	6555222.0	6.398179088189384	76.64628929886149	55.0	95.86390359788429	20.0	6699604.0
SRX15590307	73.76798129656149	4364684	97.94	5795166.0	6.1373212183536765	74.1561772837319	55.0	95.77380305108883	20.0	5916773.0
SRX15590308	68.90442767910811	4823784	98.01	6861063.0	6.078023567872981	77.46499667155037	54.0	95.96638330404097	20.0	7000688.0
SRX15590309	69.71969165455306	4672498	97.63	6542735.0	5.943365687079135	77.5145331395816	54.0	95.98155788400608	20.0	6701834.0
SRX15590310	65.4025352561234	4501510	92.11	6339432.0	5.813003624814072	73.9703105486436	54.0	95.96431962917288	20.0	6882776.0
SRX15590311	59.729795009398224	4527930	97.91	7422354.0	5.657853905447919	77.10521737651266	53.0	96.14744095160744	40.0	7580689.0
SRX15590312	55.8860481693091	4811606	97.46	8391199.0	5.900763594632768	79.98691803531636	53.0	96.11968816934163	40.0	8609673.0
SRX15590313	64.88860231504573	5021690	98.14	7595114.0	5.85620715134252	77.2613297744906	54.0	96.0470141905739	40.0	7738940.0
SRX15590314	52.78376349559728	3901846	97.78	7227909.0	5.971285824858211	78.61213760101047	53.0	96.0783505924474	40.0	7392133.0
SRX15590315	64.71448235942981	5026656	97.9	7604508.0	5.668953746764107	77.65327347512019	54.0	96.0400142337832	30.0	7767436.0
SRX15590316	67.4358645188035	4401988	98.07	6401666.0	5.357878545510387	74.15976842968354	54.0	96.06317878396352	30.0	6527666.0
SRX15590317	44.53694864115413	3169496	97.9	6966871.0	5.4949417605334165	80.13612243148481	52.0	96.2724357884448	40.0	7116554.0
SRX15590318	36.91800554311616	2565358	97.8	6796076.0	5.097094186327747	82.37820415866723	51.0	96.39092338114831	40.0	6948799.0
SRX15590319	41.29988321758494	2862428	98.01	6793051.0	5.142827298748993	80.23017592139891	51.0	96.38104108045809	40.0	6930838.0
SRX15630037	30.331694872489745	1168497	93.91	3617932.0	0.5040522724048966	87.29181693864777	53.0	148.92960770388092	40.0	3852396.0
SRX15630038	32.62291529559062	1300720	92.79	3699613.0	0.3569206309292376	87.21281534574001	53.0	149.00452154127674	40.0	3987136.0
SRX15630039	44.743275578671515	1707028	94.63	3610352.0	0.436115851001241	87.20014010403311	51.0	149.01248911906995	30.0	3815161.0
SRX15630040	39.326980764700686	1709547	93.05	4044701.0	0.45405801061193457	87.27871810287753	51.0	148.9492637234622	30.0	4347008.0
SRX15630041	33.38610582278337	1289114	93.45	3608315.0	0.48132737516893	84.93413601602975	53.0	148.85972471459218	40.0	3861229.0
SRX15630042	36.46145862322071	1424174	91.05	3556432.0	0.8948908611586567	84.39483019668131	51.0	148.30834253505722	30.0	3905971.0
SRX15630043	34.12249764516094	1512795	94.28	4179772.0	0.4227622856210561	86.61599663620376	51.0	149.04484366936256	30.0	4433424.0
SRX15630044	35.280479034954155	1359444	92.97	3582498.0	0.412610914927852	84.47009592790711	50.0	149.0555874045967	40.0	3853247.0
SRX15630045	43.3750669905016	1597659	94.67	3486918.0	0.38199100154085436	87.21202461027626	51.0	149.02020004571915	30.0	3683358.0
SRX15630046	42.205780558733	1667011	94.54	3733998.0	0.41481711111965197	86.93653255183064	52.0	148.938152862404	40.0	3949722.0
SRX15630047	38.22603960732123	1632896	93.04	3974462.0	0.38257534220097733	87.58796469052392	51.0	149.0081307493413	40.0	4271685.0
SRX15630048	45.43737975401271	1781422	93.92	3682377.0	0.380372941530837	87.00097182221712	51.0	148.94636777092538	40.0	3920609.0
SRX15947806	58.182196152758394	5535990	95.9	9125046.0	1.069891140671077	78.15364488263086	54.0	50.50354017652905	20.0	9514921.0
SRX15947807	75.33635286645612	9606787	93.94	11979573.0	0.9374932432878282	70.20838622090773	55.0	50.55959659535185	20.0	12751861.0
SRX15947808	61.1079477029314	7692508	96.85	12192005.0	1.1109725361204779	79.04284456728163	54.0	50.515931979239284	20.0	12588392.0
SRX15947809	60.321056518911284	5471904	96.77	8778467.0	1.0023267059393421	77.23981958774363	55.0	50.50556557494516	20.0	9071300.0
SRX15947810	59.82781885762866	6778310	97.74	11073933.0	1.0435677578969846	83.11782291658947	54.0	50.52537473203164	30.0	11329696.0
SRX15947812	58.34456980132771	6807708	97.2	11341595.0	1.1015390053308316	83.49275098097931	54.0	50.51077145405481	30.0	11668109.0
SRX15947813	55.46841315252974	5645067	96.12	9782719.0	0.9637203197030837	85.83719838961893	54.0	50.51468799903784	40.0	10177084.0
SRX15947814	54.023108384975124	5128042	96.46	9156207.0	1.0409208861681059	81.13085026784252	54.0	50.46979903315441	30.0	9492312.0
SRX15947815	78.52845846700767	6895079	94.57	8303920.0	1.1450584311146634	63.937160563494395	55.0	50.50783538755884	20.0	8780357.0
SRX15947816	77.95888248326929	7667886	94.35	9280009.0	1.0839999893975545	67.3145500688282	55.0	50.49724232111892	20.0	9835808.0
SRX1652180					1.4980131816562667					
SRX1655390					27.645237382652336					
SRX1655391					26.50175					
SRX1655392					26.559890000000003					
SRX1655393					27.227384310601003					
SRX1655394					27.116230015356184					
SRX17839586	50.03016071162683	7415602	94.34	13982907.0	2.5513124658337927	85.74707852450247	54.0	145.67913367884512	40.0	14822263.0
SRX17839587	45.71833786390776	8276190	80.39	14552135.0	2.1513599885116514	81.3130290713034	53.0	146.22958574756356	40.0	18102561.0
SRX17839588	47.54667547533915	6557860	89.02	12278198.0	2.971994253920527	85.64081705060808	53.0	145.1068982723034	40.0	13792468.0
SRX17839589	46.75349521794454	8668019	89.15	16528465.0	2.0626232563189464	89.44675631239174	52.0	146.4576602127603	40.0	18539831.0
SRX17839590	52.691039832766975	11205599	94.16	20023655.0	2.473405977030647	90.93802895305448	52.0	145.81670992069635	40.0	21266612.0
SRX17839591	48.56723945797662	9519736	87.97	17242640.0	2.197842780749354	88.9796201926718	52.0	146.25071481786244	40.0	19601147.0
SRX18913104	49.33422128135567	4735918	93.27	8953612.0	8.497192101560417	87.42566251094462	53.0	136.93247792812684	36.36363636363637	9599661.0
SRX18913105	50.7888581227126	5591449	92.9	10227265.0	8.481691582569733	87.21971761284085	53.0	137.12805094718928	27.27272727272727	11009204.0
SRX18913106	50.97871502000858	4512357	94.16	8334417.0	10.01404837741808	88.09309705916789	54.0	134.65135995186327	36.36363636363637	8851453.0
SRX18913107	65.49905969972828	6189426	91.75	8669816.0	7.862629510935893	80.59057872567482	54.0	137.88100828380675	27.27272727272727	9449641.0
SRX18913108	64.09974140665025	6516231	91.7	9322509.0	7.9054837930877735	82.64284266926535	55.0	137.9140393524621	27.27272727272727	10165768.0
SRX18913109	65.28604447778278	7533751	92.41	10663797.0	7.077215502131434	83.0726384556601	54.0	139.132844939913	27.27272727272727	11539604.0
SRX18913110	58.76766873520813	5056352	92.51	7959581.0	7.742789751033416	88.01460141812959	54.0	138.24121681516985	36.36363636363637	8603969.0
SRX18913111	58.782455988473835	5228432	91.68	8154681.0	8.15039950434089	87.45410343071694	54.0	137.41150176878077	36.36363636363637	8894545.0
SRX18913112	57.89637684991384	6415765	92.7	10272243.0	8.059868692461718	89.72067076810369	53.0	137.57385189788135	36.36363636363637	11081462.0
SRX18913113	70.79847766641959	6819720	88.58	8532092.0	6.322699143073526	83.7847395957024	54.0	140.3268241737935	18.181818181818183	9632580.0
SRX18913114	65.15498257003651	6332158	91.94	8934869.0	5.597046813554471	83.71075625565496	54.0	141.32076133528986	27.27272727272727	9718609.0
SRX18913115	63.66086555617002	6228828	91.56	8958389.0	6.783720314364166	81.9783539728084	54.0	139.49297641519027	27.27272727272727	9784391.0
SRX2356912	7.43781241656792	765838	97.03	9990388.0	0.9176131464429036	95.02935625849568	55.0	49.54894023230502	27.27272727272727	10296549.0
SRX2356913	5.530015617419981	482416	97.14	8474504.0	0.9712798077918025	95.70726200368384	55.0	49.530528594184595	27.27272727272727	8723592.0
SRX2356914	5.816796338640474	577028	96.79	9601469.0	0.9414926918271903	95.71771276511386	55.0	49.53872442535714	27.27272727272727	9920031.0
SRX2356915	4.280968560166758	498135	96.61	11241022.0	0.8860589581973588	96.38636884301953	54.0	49.56440187744365	27.27272727272727	11636035.0
SRX2356916	3.4996795130765963	297130	97.13	8246709.0	0.9563529881350603	96.32793610597587	54.0	49.53677837734444	27.27272727272727	8490206.0
SRX2356917	2.779685211757901	302914	96.91	10560824.0	0.927053047250303	96.67500248311117	54.0	49.548919143345934	27.27272727272727	10897421.0
SRX2356918	1.9851311000384466	206792	96.84	10088250.0	0.9621667586438563	96.8840780653194	54.0	49.52756938268002	27.27272727272727	10417045.0
SRX2356919	1.52763435885653	280772	97.16	17857444.0	0.8842451597685463	97.35423684427172	54.0	49.56447969912613	27.27272727272727	18379529.0
SRX2356920	1.496282355596511	202595	96.05	13004702.0	0.9767069537440874	96.68090449895058	54.0	49.5255835515958	27.27272727272727	13539891.0
SRX2356921	5.697398281697212	542875	95.68	9116726.0	1.5467121164027697	93.72501451490956	55.0	49.379205711052094	27.27272727272727	9528472.0
SRX2356922	8.46080633488346	1047017	95.03	11759390.0	1.1623489102902755	93.48209747777966	55.0	49.44993231464832	27.27272727272727	12374908.0
SRX2356923	8.319093011187276	956713	95.94	11033244.0	0.9809529539144041	94.33407588414588	55.0	49.517451684352146	27.27272727272727	11500208.0
SRX2356924	9.397721657800307	1068127	97.51	11082874.0	1.1491561082766688	94.02366493734694	55.0	49.46404611093202	27.27272727272727	11365808.0
SRX2356925	7.5443205191612535	846143	97.55	10940510.0	1.0513008823549599	94.78345307800578	55.0	49.48488158800545	27.27272727272727	11215629.0
SRX2356926	6.542486500575939	934731	97.08	13870466.0	1.2094136517896312	93.92213418046018	55.0	49.43463375434509	27.27272727272727	14287091.0
SRX2356927	6.53538030015971	751748	97.23	11184109.0	1.0917442089298972	94.93698925393333	54.0	49.4802127631644	27.27272727272727	11502743.0
SRX2356928	5.388772956386405	707869	97.63	12824317.0	1.0663480229119067	95.10028408859058	54.0	49.47610207859381	27.27272727272727	13135996.0
SRX2356929	4.481203566028886	680489	97.43	14795383.0	1.0125713823740994	94.74405964898602	54.0	49.504953143501524	27.27272727272727	15185407.0
SRX2356930	2.4119561499183324	291839	97.42	11787778.0	1.0836440899701496	96.23043405504238	54.0	49.47411489608693	27.27272727272727	12099681.0
SRX2356931	1.6376542485853283	210690	97.17	12500857.0	1.0708673495673584	96.22767915913398	54.0	49.47540180203372	27.27272727272727	12865353.0
SRX2356932	1.5822759337406997	218194	97.57	13454374.0	1.366725005336207	96.23697120711837	54.0	49.390966188763166	27.27272727272727	13789883.0
SRX2356933	5.587771994172325	910662	97.72	15926056.0	1.1013535579861429	94.39630330895122	55.0	49.470990172179526	27.27272727272727	16297408.0
SRX2356934	7.078978906704557	1094758	97.6	15093985.0	1.228064559629303	93.07727125920265	55.0	49.420043978259436	27.27272727272727	15464914.0
SRX2356935	7.305862266393352	782852	97.02	10396458.0	1.068096507841248	93.16382732947767	55.0	49.47398644660323	27.27272727272727	10715395.0
SRX259777	78.35168745244317	28335601	94.65	34230128.0	19.215879112918607	69.49865106518146	55.0	89.30411047433799	18.181818181818183	36164634.0
SRX259778	73.4246085190456	17885670	94.6	23044449.0	18.357954832704422	67.34612373178005	55.0	89.7358322190056	18.181818181818183	24359231.0
SRX259779	53.43474032035138	13896642	95.45	24822306.0	18.52435620633188	71.98556884957421	55.0	89.89289351939524	18.181818181818183	26006755.0
SRX259780	65.96557397908815	18792685	94.86	27024600.0	18.89140119861001	70.46618457897952	55.0	89.70419941292359	18.181818181818183	28488625.0
SRX259781	58.8227356604488	8696705	94.72	14004497.0	18.18198076101757	66.93974934331223	55.0	91.43583856659478	18.181818181818183	14784598.0
SRX259782	60.27050063675766	8826789	94.94	13904671.0	17.228571727176092	66.41118929077254	55.0	91.17068048298671	18.181818181818183	14645289.0
SRX259783	43.43085597452014	11878439	94.84	25938458.0	20.768733626795914	74.73896036554804	55.0	91.10021275872269	18.181818181818183	27350230.0
SRX259784	63.90282783927416	12083541	94.02	17778624.0	21.794565981676392	67.16588475713954	55.0	90.72202848099208	18.181818181818183	18909243.0
SRX259785	25.052840468426023	5836089	93.86	21865829.0	21.27654385600587	77.48929216105435	54.0	90.44529671644949	27.27272727272727	23295119.0
SRX259786	53.41571079388972	32586663	93.97	57324690.0	25.22393887803202	77.9558773057566	55.0	90.37117383906259	27.27272727272727	61005765.0
SRX259787	70.98641159362514	28660873	93.34	37686082.0	21.306567833014938	72.52264981527915	55.0	91.11546868650953	27.27272727272727	40375154.0
SRX259788	51.9376187246118	26707113	93.49	48071630.0	22.40830420061279	76.65362227386899	55.0	90.52219611555628	27.27272727272727	51421520.0
SRX259789	3.121180804811427	480662	94.15	14498699.0	11.938757467998903	86.38679743646482	54.0	94.27800887077635	18.181818181818183	15400005.0
SRX259790	41.2196007401389	3796838	93.05	8571200.0	23.364276505357832	69.11371582140272	55.0	94.27889522848379	9.090909090909092	9211244.0
SRX259791	52.42824683120827	15338421	93.36	27312483.0	17.827748607495842	74.85864559868195	55.0	93.97371071428877	18.181818181818183	29256025.0
SRX259792	40.96195961008618	5252736	83.69	10732440.0	37.70953684274536	71.39276048305238	54.0	90.83664714539746	18.181818181818183	12823449.0
SRX259793	52.89254215162078	8243610	87.93	13705154.0	37.386061773463254	71.43795439140047	55.0	92.87415836470902	9.090909090909092	15585581.0
SRX3159653	54.181047047398486	8074194	90.74	13522390.0	1.4027474922510927	88.07297429309136	54.0	49.32799642040583	27.27272727272727	14902248.0
SRX3159654	55.67094127962117	10446160	89.6	16812050.0	1.2317914462406718	87.91640894635788	54.0	49.396243500093476	27.27272727272727	18764116.0
SRX3159655	50.09908899019844	8326423	91.6	15223367.0	1.390334204931368	88.43618537128418	55.0	49.325150576937574	18.181818181818183	16619909.0
SRX3159656	53.31175959305199	5766161	90.05	9739480.0	1.4601504984350941	86.36867169773441	54.0	49.32053840600071	18.181818181818183	10815927.0
SRX3159657	63.23229161560513	7765516	92.53	11363173.0	1.3000101492840035	85.40053310541373	55.0	49.370700632378615	18.181818181818183	12280934.0
SRX3159658	60.9927805280081	8442542	93.55	12948979.0	1.654471344315077	87.75269468086807	55.0	49.28721500149799	18.181818181818183	13841871.0
SRX3159659	59.686283359871126	10097729	92.47	15644402.0	1.6069582602271297	87.75235527062027	55.0	49.252934477029974	18.181818181818183	16918006.0
SRX3159660	42.423054138711045	7033109	95.18	15780142.0	1.1816373190560576	90.46942045177556	55.0	49.43494773081798	18.181818181818183	16578507.0
SRX3159661	49.525442435190534	8958478	76.46	13831004.0	1.2700545821345615	90.75944211794776	54.0	49.46886393547154	18.181818181818183	18088638.0
SRX3159662	64.70937401302346	13729351	87.86	18641672.0	1.1195885057066712	92.16456688657777	54.0	49.51879684080784	18.181818181818183	21216943.0
SRX3159663	61.023916755917305	10442935	84.9	14528687.0	1.3427358262012028	90.85691685080533	54.0	49.49291988432556	18.181818181818183	17112856.0
SRX3159664	54.50902745233582	10591563	80.06	15556635.0	1.1795751828876833	92.04204372867746	54.0	49.48001301230281	18.181818181818183	19430842.0
SRX3159665	70.96060057674751	11363588	92.28	14777447.0	1.1771452282395658	90.16944101285382	55.0	49.49088693975374	18.181818181818183	16013940.0
SRX3159666	60.4121374617507	10425035	83.16	14349731.0	1.0537462712533208	92.18401139425296	54.0	49.533707599514244	18.181818181818183	17256524.0
SRX3159667	71.11214736770177	9470122	92.88	12369311.0	0.9954878026911415	89.43487541468483	55.0	49.538479623853874	18.181818181818183	13317165.0
SRX3159668	67.32370814722375	11442361	90.89	15448485.0	1.283403763242053	90.27526929188114	55.0	49.450512957875176	18.181818181818183	16996035.0
SRX3172761	45.42213064018741	4355296	88.6	8495283.0	2.1232344069902154	91.39511263936865	52.0	49.24085359017464	27.27272727272727	9588489.0
SRX3172762	44.54896311741111	5913653	89.83	11924198.0	2.041452555352707	93.9017991728385	52.0	49.19374459395915	27.27272727272727	13274502.0
SRX3172763	41.006888160361314	6182978	88.4	13329383.0	1.5105248407746206	94.12336838780281	51.0	49.32543694244975	27.27272727272727	15077901.0
SRX3172764	48.360356698344944	8161509	91.62	15462698.0	1.950928339331921	94.42106614467609	53.0	49.15791518889198	27.27272727272727	16876445.0
SRX3172765	49.59753639251524	6952170	91.74	12859205.0	1.510796364677745	91.41781561275009	53.0	49.32496507140387	27.27272727272727	14017168.0
SRX3172766	43.05274627559707	5634774	89.39	11698818.0	1.6585636558707137	93.25872862685515	52.0	49.24070896314667	27.27272727272727	13088071.0
SRX3176780	48.42911447308308	8084999	80.9	13506673.0	1.0224349959835521	91.01259086689478	52.0	49.5146230486314	36.36363636363637	16694501.0
SRX3176781	49.25544947582709	7489198	83.92	12760238.0	1.049252399054735	91.71444256305362	52.0	49.51985322277271	36.36363636363637	15204811.0
SRX3176782	45.17425976780303	4919078	80.22	8735292.0	1.0087710786567787	90.85613179030315	51.0	49.513023875122286	36.36363636363637	10889117.0
SRX3176783	40.06631564608731	6865130	82.91	14205506.0	1.0328872561321156	93.68714462755628	50.0	49.51748830920315	36.36363636363637	17134418.0
SRX3176784	31.837644856395514	4666641	78.59	11519176.0	1.010954573062867	93.07253412001256	49.0	49.533087363432806	36.36363636363637	14657620.0
SRX3176785	27.19046977381261	4590601	85.74	14476361.0	1.0092671478879243	94.05834551364603	49.0	49.52202444748825	36.36363636363637	16883125.0
SRX3176786	21.428320727095084	2698519	82.84	10432264.0	1.0193176066249565	92.98277088604095	48.0	49.533079980395826	45.45454545454545	12593236.0
SRX3176787	18.275830089070297	2244532	83.81	10293134.0	1.0037635706219177	94.50818248858279	47.0	49.52676005052509	45.45454545454545	12281423.0
SRX3176788	15.746550896213362	2419059	84.39	12963675.0	1.1685004046920897	95.47733951382166	47.0	49.5158832216358	45.45454545454545	15362469.0
SRX3176789	66.87651722357823	7262438	90.28	9803890.0	0.9789917254131195	86.45894366359826	54.0	49.534506091179004	18.181818181818183	10859474.0
SRX3176790	67.34979087403904	10571896	90.98	14281466.0	1.00182156922571	89.54133199292569	54.0	49.534916706053174	18.181818181818183	15696999.0
SRX3176791	64.47344627126577	7476522	91.45	10604651.0	1.4204855850673148	88.42129537829527	54.0	49.38959533664284	18.181818181818183	11596281.0
SRX3176792	60.66922048321379	6072901	89.85	8993875.0	1.2451942540449235	87.1973702566355	54.0	49.46768449692828	18.181818181818183	10009855.0
SRX3176793	55.11555779730934	7544050	87.0	11908533.0	1.2027780006857458	88.94303493892876	53.0	49.4685033916592	27.27272727272727	13687696.0
SRX3176794	54.18018310157968	9553680	90.63	15980515.0	1.075697893571917	89.86507247075006	53.0	49.52003131826094	27.27272727272727	17633163.0
SRX3176795	44.84463996628989	6225815	85.85	11918224.0	1.029505771366276	90.09640484663339	52.0	49.52315067087083	27.27272727272727	13883075.0
SRX3176796	35.188821799783256	7550886	81.79	17549993.0	1.218046021016504	94.21980855256285	51.0	49.5020827241061	27.27272727272727	21458195.0
SRX3176797	12.378744033317712	1901256	49.48	7599215.0	0.9684091420629849	93.88188551979569	52.0	49.52954293100909	18.181818181818183	15359038.0
SRX3176798	58.17938648323317	5247495	91.25	8230631.0	1.1782112337598516	84.79640430692771	54.0	49.43779179110526	27.27272727272727	9019509.0
SRX3176799	50.86154037833578	4204721	90.59	7489028.0	1.2206547151336389	86.40239781967395	53.0	49.41866204104394	27.27272727272727	8266995.0
SRX3176800	47.10186648165362	4344947	91.55	8444792.0	1.1297707309704452	88.26816300735987	52.0	49.45139488811137	27.27272727272727	9224575.0
SRX3176801	37.17458172489627	3346267	92.22	8301254.0	2.0571062298982588	92.38938886389855	52.0	49.17321883972124	27.27272727272727	9001492.0
SRX3176802	30.334664275132667	2318162	92.1	7038322.0	1.6250006036050555	92.57268704963099	50.0	49.31472330974906	27.27272727272727	7641957.0
SRX3176803	24.38452997255934	1930810	92.25	7304859.0	1.11495558498923	90.11829586058012	50.0	49.454534099772474	27.27272727272727	7918176.0
SRX3176804	15.72028613026856	1874851	93.34	11132058.0	1.5283205252210619	94.87845746103864	48.0	49.311598317535775	27.27272727272727	11926316.0
SRX3176805	19.030291658170004	2022296	93.0	9882987.0	1.3028722861664026	93.15508725078858	48.0	49.36450434710763	36.36363636363637	10626721.0
SRX3176806	11.820173650573901	932174	95.6	7539132.0	1.400904624534457	92.82256769707509	51.0	49.34931806397857	27.27272727272727	7886297.0
SRX3176807	70.06508040389829	7290685	94.98	9883165.0	1.8110190843363059	89.54637839624803	55.0	49.22952316975779	27.27272727272727	10405590.0
SRX3176808	67.98310266952251	8624677	94.49	11986927.0	2.5204272271886716	90.48304570221032	55.0	49.22669796817893	27.27272727272727	12686501.0
SRX3176809	66.96475996152435	7608530	94.11	10693336.0	1.9567520315678604	89.6513722091285	54.0	49.25017560742655	27.27272727272727	11361991.0
SRX3176810	58.001901775568	12588691	91.89	19944716.0	1.5099326022623787	93.24977382963436	53.0	49.27926428801275	27.27272727272727	21703928.0
SRX3176811	58.8006532777077	7999970	94.17	12812452.0	4.488409140319036	91.58014396355529	54.0	49.18747835392834	27.27272727272727	13605240.0
SRX3176812	54.026412695661854	12370029	93.07	21309654.0	2.2150452704461823	93.33624153871348	53.0	49.26199180460112	27.27272727272727	22896262.0
SRX3176813	51.81921048195799	6511232	94.88	11921570.0	2.256944188926471	92.48089862302274	53.0	49.25088652976144	27.27272727272727	12565286.0
SRX3176814	40.94345529253787	5083756	94.72	11760524.0	1.5632543094958362	94.97231288286974	52.0	49.29859399514953	27.27272727272727	12416529.0
SRX3176815	23.803553719176858	3267172	89.93	12343906.0	1.6696454972590136	96.01164977095277	49.0	49.3357609931366	36.36363636363637	13725564.0
SRX3211301	75.60050858945016	5964329	98.0	7731323.0	0.8960599411851325	81.61000769944306	56.0	49.56284896285094	18.181818181818183	7889271.0
SRX3211302	74.86942069850363	6273028	97.93	8204998.0	1.0579827346488624	95.25697150820773	55.0	49.494067224634115	18.181818181818183	8378625.0
SRX3211303	73.02813632208822	5834683	98.16	7842735.0	0.9267576620723493	83.54076807132844	55.0	49.54713787372317	18.181818181818183	7989637.0
SRX3211304	70.99263668184605	6318197	98.92	8803751.0	0.9365180198395155	95.73999113847566	55.0	49.56092097433288	27.27272727272727	8899792.0
SRX3211305	69.50007802313564	7326521	97.83	10312680.0	1.3449604348626192	89.37671355152645	56.0	49.58167134568328	18.181818181818183	10541745.0
SRX3211306	73.07127778341885	5627545	99.09	7631438.0	1.0354640002470508	95.23022302857598	55.0	49.51676100825741	27.27272727272727	7701446.0
SRX3211307	73.41090275499641	7713644	98.85	10386925.0	0.9173585482929443	85.75448124935188	55.0	49.558787820993615	18.181818181818183	10507491.0
SRX3211308	68.24354022728797	6185660	98.77	8952319.0	1.068305407485238	96.32992697587224	54.0	49.49245550797344	27.27272727272727	9064096.0
SRX3211309	74.27276666465552	6770594	98.64	8991952.0	0.9971045146880522	84.23652066290799	55.0	49.536751372609245	18.181818181818183	9115850.0
SRX3211310	68.95078359514682	5156514	98.94	7399550.0	1.206784061026696	94.63323571271593	55.0	49.47118215406397	18.181818181818183	7478543.0
SRX3211311	74.98917798979873	7424767	98.47	9749136.0	0.9234813240996368	85.79289617390413	55.0	49.55016029502931	18.181818181818183	9901118.0
SRX3211312	70.45708982366897	5351359	99.0	7519095.0	1.274032516394305	95.15340405981075	55.0	49.49260316017887	27.27272727272727	7595203.0
SRX3211313	71.39486178660283	6728985	98.2	9254936.0	0.9214862432245545	85.9535950809903	55.0	49.55137815520316	18.181818181818183	9425027.0
SRX3211314	69.68863707537845	6580183	98.44	9294770.0	1.2718989602931485	95.80176807155411	54.0	49.47191536010284	27.27272727272727	9442261.0
SRX3211315	72.0064926815941	8275663	98.41	11310619.0	0.9617267903425357	87.72402299012712	55.0	49.55484088492587	18.181818181818183	11492940.0
SRX3211316	70.97049700604762	7699734	98.68	10705503.0	1.7131442278792448	96.38117336054982	54.0	49.446776371796496	27.27272727272727	10849204.0
SRX3211317	70.45072083586304	9040612	98.37	12623891.0	0.9235996808899062	86.79345845608086	55.0	49.55373362375145	18.181818181818183	12832533.0
SRX3211318	72.14441906330673	7198643	99.02	9879972.0	1.2733796933799233	95.95929388951042	55.0	49.48861862592892	18.181818181818183	9978101.0
SRX3211319	70.80441981721201	9350671	98.69	13033792.0	0.949291727010783	92.6989215749642	56.0	49.57029079522272	18.181818181818183	13206338.0
SRX3211320	73.679780342686	6726054	98.61	9001799.0	1.5852337769431148	95.86438068870748	55.0	49.436761380099064	27.27272727272727	9128765.0
SRX3211321	68.1801946190104	5094658	98.25	7341885.0	0.8976271367842964	79.46497593696795	55.0	49.56560198053007	18.181818181818183	7472343.0
SRX3211322	72.57049315849228	7970918	98.55	10824099.0	1.068836248401765	96.42591317206909	55.0	49.505256794392416	18.181818181818183	10983690.0
SRX3211323	76.3020218667838	4461132	98.47	5757233.0	0.8871666525306637	79.5881967114438	56.0	49.56616426153938	18.181818181818183	5846676.0
SRX3211324	77.2431755199593	3363758	98.82	4303429.0	1.0508278429828595	92.8430101496778	56.0	49.51673202038044	18.181818181818183	4354764.0
SRX3211325	78.94337026542811	4867649	98.97	6102785.0	0.9834009637167638	79.10715011151765	56.0	49.56156169938993	18.181818181818183	6166001.0
SRX3211326	50.109075118959645	4643612	98.61	9138272.0	1.1216537859177909	96.38449635493673	56.0	49.46831091545405	18.181818181818183	9267008.0
SRX3211327	78.44894476614688	5906454	98.93	7448133.0	0.9013432567665778	82.8086922598314	56.0	49.559207267006876	18.181818181818183	7529042.0
SRX3211328	39.81993170045003	3341748	99.01	8308913.0	0.9017307483178425	97.27212326444769	55.0	49.56928648430813	18.181818181818183	8392149.0
SRX3211329	76.79662412582039	4747191	98.52	6090159.0	0.906118438087432	80.20598162138522	55.0	49.55896180706656	18.181818181818183	6181510.0
SRX3211330	73.71121063205837	3917599	98.28	5223549.0	1.0758420584308261	93.59298016603233	55.0	49.522663531267625	18.181818181818183	5314794.0
SRX3211331	75.41860092261878	4558212	98.25	5938096.0	0.93367831774619	79.16412592841179	55.0	49.5543512341321	18.181818181818183	6043883.0
SRX3211332	73.09354028687552	5576323	98.39	7505987.0	1.3487360352300508	96.11449086454124	55.0	49.51843506042648	27.27272727272727	7629023.0
SRX3211333	73.16868737787021	4686881	98.24	6292710.0	0.9318316908240605	79.8304115415064	55.0	49.55268287055214	18.181818181818183	6405583.0
SRX3211334	58.389802184575366	4750192	97.78	7954633.0	1.2035097937768406	96.36213738364691	53.0	49.455921353221775	18.181818181818183	8135311.0
SRX3211335	55.86808008819805	3928335	98.26	6909335.0	0.9679531733425379	83.62046666266876	53.0	49.53323440634134	18.181818181818183	7031448.0
SRX3211336	69.75381907443969	4646922	98.03	6530430.0	1.2549183658583307	94.31946353298815	54.0	49.48053277381235	27.27272727272727	6661889.0
SRX3211337	70.87498417530011	5094586	97.92	7038361.0	0.9304188607558148	81.3559481755679	55.0	49.55384098506844	18.181818181818183	7188130.0
SRX3211338	70.57311691583436	6852126	97.79	9494889.0	0.9977747715652359	95.46017002258797	55.0	49.543384468720475	27.27272727272727	9709258.0
SRX3211339	74.44052668042336	6391014	97.9	8404722.0	0.9022964185577579	81.50680081319409	56.0	49.55991022429251	18.181818181818183	8585396.0
SRX3211340	76.99869286639891	6549227	97.85	8322544.0	1.0767560149275541	94.60944448042001	56.0	49.506841582884945	18.181818181818183	8505634.0
SRX3211341	75.80662426713914	7265836	97.95	9387998.0	0.900170331452699	82.65266677657452	56.0	49.56159401162144	18.181818181818183	9584698.0
SRX3211342	75.1944654287327	6189276	97.87	8055571.0	1.0913708047181323	94.31673176555374	56.0	49.52166084762702	18.181818181818183	8231026.0
SRX3211343	68.09439275174182	6317221	97.94	9085971.0	1.014238215346287	96.3208660798444	54.0	49.51653131084504	18.181818181818183	9277153.0
SRX3211344	71.81163655857647	3766832	98.06	5143586.0	0.9915604280856668	79.46683511434763	55.0	49.526547279024	18.181818181818183	5245434.0
SRX3211345	68.60119776451661	6120911	97.37	8687652.0	1.2145087085297064	95.15764848736254	55.0	49.517017457639184	18.181818181818183	8922455.0
SRX3211346	71.79123661566118	6300951	98.01	8602107.0	0.9423920458751645	82.99822433380336	55.0	49.547284997474584	18.181818181818183	8776769.0
SRX3211347	55.12513598207066	4413126	98.23	7864302.0	0.9586228534658299	96.28144821042001	55.0	49.564010347191	18.181818181818183	8005651.0
SRX3211348	77.16753421108416	6552604	98.53	8366716.0	0.9456827020232036	81.11398820987583	56.0	49.561678404032314	18.181818181818183	8491400.0
SRX3211349	68.24235713605103	7169035	97.76	10269481.0	1.0188868186929312	96.7316190720147	54.0	49.53801082638911	18.181818181818183	10505257.0
SRX3211350	71.60756371982224	5673415	98.55	7807658.0	0.9092225829723555	83.61903120185391	55.0	49.55420073919651	18.181818181818183	7922927.0
SRX3211351	48.1715477758683	3431229	98.31	7002788.0	1.0938397275610416	96.46308936413993	55.0	49.54199314131235	18.181818181818183	7122937.0
SRX3211352	65.82683342307891	4829984	97.83	7178220.0	0.9252398617907736	84.21692872578934	54.0	49.54688119471056	18.181818181818183	7337409.0
SRX3211353	60.22392885401767	5164229	97.32	8345262.0	1.2584347147921577	95.48856599045412	54.0	49.491050600900635	18.181818181818183	8575045.0
SRX3211354	60.28712208705724	4438605	98.2	7229870.0	0.9620290323811432	82.67833364471956	54.0	49.53350212694346	18.181818181818183	7362443.0
SRX3211355	66.66076657451389	5069152	97.35	7402873.0	1.664144765759203	94.52108881348518	55.0	49.4990387803063	18.181818181818183	7604401.0
SRX3211356	69.99182588415958	4488524	97.75	6268784.0	0.9629087234177522	75.76429515070849	55.0	49.54041945907375	18.181818181818183	6412926.0
SRX3211357	69.05810595827705	5751677	97.57	8126359.0	1.3274095288507881	96.01909169850818	55.0	49.507019060483266	27.27272727272727	8328750.0
SRX3211358	73.0269774120017	5806337	97.91	7784769.0	0.9209232154127389	79.6232542737601	55.0	49.556334162919946	18.181818181818183	7950948.0
SRX3211359	69.69063925498175	6618297	97.66	9274791.0	1.3450843019087904	96.01828080696025	55.0	49.52132840108332	27.27272727272727	9496680.0
SRX3211360	72.50529177679688	5969402	98.14	8079629.0	0.9028232039703848	82.06248362682345	55.0	49.55875247796778	18.181818181818183	8233057.0
SRX3312459	62.273351995817805	7385495	88.67	10515561.0	1.2302206306078265	86.50747083506026	54.0	49.47861793622152	27.27272727272727	11859800.0
SRX3312460	64.69183989146148	7449856	90.28	10397114.0	1.0434423521638587	87.56991440511834	54.0	49.52156298853595	27.27272727272727	11515913.0
SRX3312461	62.49767598625902	8585312	89.61	12309637.0	1.0915359987223028	89.99317738111903	54.0	49.496852517396434	27.27272727272727	13737010.0
SRX3312462	59.07598671506913	7648568	89.61	11602007.0	1.036249480191737	89.08053590171461	53.0	49.533885842280064	27.27272727272727	12947000.0
SRX3312463	53.342390752953385	7071549	88.8	11772360.0	1.148959419506433	89.51432794861105	53.0	49.51667097511387	27.27272727272727	13256903.0
SRX3312464	52.74859672809365	9038260	90.27	15466802.0	1.0977098692108136	91.72229686331976	52.0	49.51750610081427	18.181818181818183	17134598.0
SRX3312465	45.17299943302689	5286368	87.51	10240338.0	1.1842457025433046	87.67715292291895	52.0	49.51423179416013	18.181818181818183	11702495.0
SRX3312466	39.68766658576793	3703913	87.29	8146305.0	1.0626518868148602	88.85052775228647	51.0	49.538500244571345	27.27272727272727	9332655.0
SRX3312467	33.49477004481396	4035610	86.45	10416378.0	1.1077032899504606	91.01467909145603	51.0	49.529386118313035	27.27272727272727	12048478.0
SRX3312468	53.09386265447748	5711988	80.75	8687203.0	0.973551975144285	87.65997619230663	54.0	49.543676811625055	27.27272727272727	10758283.0
SRX3312469	57.64496206055105	7263158	85.89	10822561.0	1.0137847020337887	87.912410721007	54.0	49.531952535172344	18.181818181818183	12599814.0
SRX3312470	58.20145831392498	15012664	88.51	22831630.0	0.9961875643344645	93.13456207332138	54.0	49.53403306907737	18.181818181818183	25794309.0
SRX3312471	50.20132915259754	8622382	83.55	14349845.0	1.1626288131171714	90.92806325729238	54.0	49.52978162923519	18.181818181818183	17175605.0
SRX3312472	48.35894217229706	8445322	85.83	14989915.0	1.5534200890262675	90.60223777556601	54.0	49.484452978147345	27.27272727272727	17463827.0
SRX3312473	39.41801453148436	5580782	83.82	11867129.0	1.4973280397367115	88.87531480843434	54.0	49.467579835721956	18.181818181818183	14157948.0
SRX3312474	33.04512329638321	3830479	88.25	10229904.0	2.4955918816959453	91.81064079626536	53.0	49.395348656646476	27.27272727272727	11591662.0
SRX3312475	27.49424240905125	3685579	81.55	10931555.0	1.1951643485251136	92.47114620995333	52.0	49.46421975765301	27.27272727272727	13404912.0
SRX3312476	20.997845504541505	2381840	82.6	9369876.0	1.266298352071158	93.16931800994466	52.0	49.45107521568537	27.27272727272727	11343259.0
SRX3312477	58.925649448122066	3346532	86.91	4936034.0	1.8337145116409042	83.17588882001422	54.0	49.420369608988516	27.27272727272727	5679245.0
SRX3312478	49.28952538729574	3600033	89.39	6529106.0	1.8981944725814444	85.72994662526692	54.0	49.258795840549844	18.181818181818183	7303850.0
SRX3312479	58.77748796911266	5050314	90.37	7765131.0	2.1245514900199813	86.59580549592388	54.0	49.303968956243054	27.27272727272727	8592259.0
SRX3312480	58.87074896687218	5171352	89.9	7896618.0	2.69443999218699	91.47052355900837	54.0	49.307121031546586	27.27272727272727	8784247.0
SRX3312481	54.01248117290683	5350801	89.22	8838949.0	1.3172592598935824	85.91514291777496	53.0	49.43605258756258	18.181818181818183	9906601.0
SRX3312482	45.69751753893175	3178112	82.81	5758974.0	2.639008081644921	87.87057968105381	52.0	49.31986703612579	27.27272727272727	6954671.0
SRX3312483	47.122951227526286	4346908	91.58	8447493.0	1.6614118550657773	89.56405941987995	52.0	49.3532380613639	27.27272727272727	9224609.0
SRX3312484	44.41500898768631	4209146	88.63	8398938.0	1.9732761249930872	88.55133601751088	52.0	49.377308716868626	27.27272727272727	9476855.0
SRX3312485	38.92727517911301	4338685	90.92	10134065.0	2.204261566235563	88.85241334247692	52.0	49.36596888265584	27.27272727272727	11145617.0
SRX3312486	53.659213834350325	5416705	89.04	8988100.0	1.8873787508090494	89.44022931319535	55.0	49.39395764544772	18.181818181818183	10094641.0
SRX3312487	57.73987203257405	4833877	89.84	7521416.0	2.895144310904465	85.39828661931374	55.0	49.18227844895816	18.181818181818183	8371818.0
SRX3312488	57.680792019891335	5715149	89.01	8819193.0	1.3704680950165362	89.82877953001085	55.0	49.450150965318144	27.27272727272727	9908236.0
SRX3312489	52.8477994078836	4175762	86.62	6843939.0	1.1490150934227488	89.27154758696805	54.0	49.50475410514502	18.181818181818183	7901487.0
SRX3312490	39.278187486334865	3643220	78.77	7305937.0	1.2979210342737075	90.41655581808571	54.0	49.504290583679804	18.181818181818183	9275428.0
SRX3312491	42.900002970211716	1458785	87.13	2962638.0	1.8410368302744073	82.88053875838767	54.0	49.44947566940779	27.27272727272727	3400431.0
SRX3312492	41.20900937691289	9439135	90.36	20696693.0	1.4042091584916152	92.94886726378655	53.0	49.45705101649546	18.181818181818183	22905513.0
SRX3312493	25.66958809400713	2691061	85.7	8984012.0	1.4229973587027738	92.4214217652654	53.0	49.42527543387393	27.27272727272727	10483460.0
SRX3312494	27.09896857762773	1667625	86.47	5321106.0	1.7513625774673476	91.89552196592565	52.0	49.42743740810604	27.27272727272727	6153832.0
SRX359366	9.0784026393478	1240031	98.4	13441160.0	1.1426454806457704	95.30418982221939	54.0	50.42215683983433	36.36363636363637	13659132.0
SRX359367	9.585001270664103	1151862	98.54	11842067.0	0.8726753539887395	95.52340680623716	54.0	50.55882700478259	36.36363636363637	12017338.0
SRX359368	8.1146752066865	968387	98.07	11703067.0	0.7653283750514368	95.47532712262758	54.0	50.614518592358124	36.36363636363637	11933774.0
SRX359369	9.058832004194544	1286472	98.13	13935529.0	0.7690163566904519	95.47503525098112	54.0	50.61072031358254	36.36363636363637	14201301.0
SRX359370	10.071992436734911	1153784	98.48	11281789.0	0.8938074168445597	94.88227249675336	54.0	50.5470780952514	36.36363636363637	11455370.0
SRX359371	9.550446830641079	1162529	98.18	11951417.0	0.7994310580495503	95.2027078410126	54.0	50.59553433067907	36.36363636363637	12172509.0
SRX359372	6.643003282222634	636750	99.31	9519371.0	0.8240886545994303	95.84395266575818	54.0	50.584970714970765	36.36363636363637	9585273.0
SRX359373	6.601181602464978	765112	99.22	11500400.0	0.805161121488505	96.12533212254058	54.0	50.592914250434255	36.36363636363637	11590531.0
SRX359374	6.219697668861814	787152	99.08	12539946.0	0.7684112224226424	96.20654669821617	54.0	50.611829192515174	36.36363636363637	12655792.0
SRX359375	5.664045819466438	667846	99.09	11683809.0	0.7172522341632261	96.40423725274556	54.0	50.63742205794586	36.36363636363637	11790971.0
SRX359376	5.735988213366848	602553	99.2	10420642.0	0.8047567239029411	95.73885367165107	54.0	50.59272439853815	36.36363636363637	10504781.0
SRX359377	5.435676127120513	628976	99.28	11488414.0	0.7688700175194005	96.32271654200012	54.0	50.61187212520404	36.36363636363637	11571256.0
SRX359378	7.40642448824055	763839	99.25	10236106.0	0.9332793876204216	95.66706088150768	54.0	50.528341799025426	36.36363636363637	10313195.0
SRX359379	6.695988835810067	639071	99.22	9469327.0	0.8421777071049672	95.75508863567484	54.0	50.576878123596316	36.36363636363637	9544087.0
SRX359380	5.663109724561106	588541	99.13	10302299.0	0.9666655777152178	96.10409668016541	54.0	50.51718140924342	27.27272727272727	10392541.0
SRX359381	7.545204536571318	751119	99.26	9881510.0	0.8217620697365641	95.69096662341579	54.0	50.58607568780821	36.36363636363637	9954919.0
SRX359382	7.787053372910247	953854	99.15	12145210.0	0.8988988340866996	95.72608932481529	54.0	50.545545356364876	36.36363636363637	12249229.0
SRX359383	7.476694203355034	909620	99.17	12064774.0	0.8711804493259259	95.92851945721638	54.0	50.55913256143807	36.36363636363637	12166072.0
SRX4105497	15.660292106895485	2121504	43.19	5851511.0	1.387234031888753	90.74643786025904	54.0	49.371099503972346	27.27272727272727	13547027.0
SRX4105498	6.995728964400802	1263463	30.95	5590050.0	1.2083309953609094	94.07645715423294	54.0	49.41958327711024	27.27272727272727	18060491.0
SRX4105499	6.395062419636763	810939	34.55	4381081.0	1.2491681250697941	93.72286094138417	54.0	49.40152247055664	27.27272727272727	12680705.0
SRX4105500	1.8928937970913255	542830	7.77	2229107.0	1.3589535705441644	96.53795740831654	54.0	49.37341274911379	27.27272727272727	28677256.0
SRX4105501	7.0694517684718505	914834	32.99	4269047.0	1.3042962468919659	93.41608045685851	54.0	49.39346844953242	27.27272727272727	12940664.0
SRX4105502	4.777597650480837	983077	32.65	6718492.0	1.3544143883879096	96.48749741622817	54.0	49.36188969269575	36.36363636363637	20576806.0
SRX4105503	15.460935482861645	3236576	43.33	9070090.0	1.4324717247947931	91.60828683863664	54.0	49.34140526643513	27.27272727272727	20933895.0
SRX4105504	7.4186154808374	1350299	31.43	5721435.0	1.3962779238098924	93.64703081934424	54.0	49.39291643939597	27.27272727272727	18201496.0
SRX4105505	6.1968822428572885	892830	33.82	4873356.0	1.34381391640451	93.92572885518081	54.0	49.375961818826546	27.27272727272727	14407729.0
SRX4105506	0.4016663865848158	17998	4.0	179114.0	10.359936388112503	97.25973635449186	54.0	49.5067700581566	18.181818181818183	4480833.0
SRX4105507	0.39231765257850454	15319	3.92	153079.0	11.814624111550387	96.80929787743736	54.0	49.50081797936049	27.27272727272727	3904744.0
SRX4105508	1.9176728283647704	215991	7.75	873374.0	1.3962245616361977	95.02444249902089	54.0	49.36568002135808	27.27272727272727	11263183.0
SRX4105509	7.140762172289159	769840	33.36	3596982.0	1.2502924539240825	93.00120060340417	54.0	49.404886149811674	27.27272727272727	10780922.0
SRX4105510	5.692052695023247	925505	33.81	5497994.0	1.248988908074808	95.08720439037477	54.0	49.400382973750894	27.27272727272727	16259600.0
SRX4105511	39.45187611165682	1286042	82.49	2689075.0	0.6548500003160513	76.79694092049228	54.0	73.18243473320543	40.0	3259774.0
SRX4105512	52.783144643481364	2366138	84.55	3790057.0	0.6917610051525657	71.99338401867129	56.0	72.97845274990614	40.0	4482753.0
SRX4105513	18.742364653008366	763867	45.02	1834958.0	0.3483021928572727	83.07386378657412	55.0	73.15609783745627	40.0	4075617.0
SRX4105514	32.76238916203026	1685850	67.84	3491047.0	0.3015078949830857	78.84554252357165	55.0	73.0886686267548	40.0	5145687.0
SRX4105515	4.096175740973767	142220	27.44	952798.0	0.30030099344335426	88.0172540561606	55.0	73.08608391831957	40.0	3472019.0
SRX4105516	24.83377631167335	1191575	55.09	2643261.0	0.2861036685243285	81.07188498705561	55.0	73.3877732976283	40.0	4798203.0
SRX4105517	1.6398996838182405	300287	11.22	2053631.0	2.27117280727885	94.54006343516083	54.0	48.91129271357696	27.27272727272727	18311303.0
SRX4105518	3.3379753627197877	486000	27.25	3967377.0	4.677496144150787	97.7388990387334	53.0	49.54314106503667	27.27272727272727	14559724.0
SRX4105519	4.142820487549575	97521	25.31	595794.0	3.2815329270588895	96.68250653362651	54.0	49.521300557015024	27.27272727272727	2353976.0
SRX4105520	1.1747784946741808	160010	9.36	1275089.0	2.1125232721426777	94.57861835716065	54.0	48.97049955801722	36.36363636363637	13620440.0
SRX4105521	0.7667278773673821	74150	8.31	803519.0	2.2601252284402595	94.22492597472541	54.0	48.909198635462204	36.36363636363637	9670967.0
SRX4105522	4.41646531646328	787275	19.32	3443372.0	2.1625991868830745	92.98875161338378	54.0	48.98315838851846	27.27272727272727	17825907.0
SRX4105523	1.0820758709756038	119346	9.71	1071009.0	2.226451976529895	94.0969656561925	54.0	48.96810384939973	27.27272727272727	11029356.0
SRX4105524	0.5915430494143621	78536	6.54	867740.0	2.2095005491210116	95.66719944523683	54.0	48.97365036353053	27.27272727272727	13276464.0
SRX4105525	15.739621128721465	1932859	74.98	9207542.0	1.4216886644616769	90.62934711307345	52.0	49.427890542289454	36.36363636363637	12280213.0
SRX4105526	43.487688228006164	9455692	76.75	16687836.0	1.8236309534300925	85.09234151226096	55.0	49.439199531885045	27.27272727272727	21743377.0
SRX4105527	38.309270554700674	6820948	83.23	14819922.0	1.1816255484142972	87.37994585991676	55.0	49.467914491663386	27.27272727272727	17804954.0
SRX4105528	42.474726725841265	7358125	74.92	12978403.0	1.2875919153652764	86.0562358639146	55.0	49.452463720313006	27.27272727272727	17323537.0
SRX4105529	48.931298456131515	10211412	82.62	17241207.0	1.295360574437261	87.06498908759467	55.0	49.46296882496211	27.27272727272727	20868876.0
SRX4105530	54.16327927143308	13234104	88.57	21640121.0	1.6071436816976006	92.34118308866883	55.0	49.445084702615894	27.27272727272727	24433720.0
SRX4105531	0.8343937857998995	43328	7.17	372221.0	3.663742422258795	96.94328412992651	54.0	49.51830590022401	27.27272727272727	5192752.0
SRX4105532	0.8206787592823049	25053	7.02	214421.0	4.187541070452023	95.54786087945855	54.0	49.52137751386716	18.181818181818183	3052717.0
SRX4105533	15.785262797788654	2554429	75.97	12293928.0	1.6161920219034072	91.79334713355769	52.0	49.41807841943508	36.36363636363637	16182366.0
SRX4105534	5.7599410352754905	443097	27.17	2090102.0	7.662359037403929	97.85483564032951	54.0	49.46443040089123	27.27272727272727	7692735.0
SRX4105535	5.741834779000612	383592	26.88	1795510.0	8.521220660656006	97.6296305728096	54.0	49.44443701004034	27.27272727272727	6680652.0
SRX4105536	37.798197504627694	5881855	83.08	12927704.0	1.2711026554756208	86.54067371017706	55.0	49.455787324953306	27.27272727272727	15561205.0
SRX4105537	40.42307751493208	3677635	75.09	6831830.0	1.3371427468422414	82.46417478518839	55.0	49.43734405673422	27.27272727272727	9097860.0
SRX4105538	50.1324804682147	9237278	82.89	15272627.0	1.2009655917829207	84.51435579643662	55.0	49.46708790721239	27.27272727272727	18425735.0
SRX4105539	53.25945139287229	6404759	88.23	10610360.0	1.5376820440197625	86.32511840619487	54.0	49.44216546026629	27.27272727272727	12025582.0
SRX4105540	34.48604964389389	6054953	59.71	10484479.0	4.80401305201126	94.32800571922188	52.0	49.370196748000076	45.45454545454545	17557688.0
SRX4105541	54.05035065635677	450861	83.48	696314.0	10.809201409667924	69.05459207504742	58.0	72.06117844512377	40.0	834150.0
SRX4105542	53.50849426666737	1619441	95.94	2903697.0	1.7384495021886905	68.73589443835198	56.0	72.77986143785321	40.0	3026512.0
SRX4105543	70.93366762998293	1944206	94.87	2600300.0	6.727496641082581	71.96067487445457	57.0	72.7516559468696	40.0	2740879.0
SRX4105544	72.56427287676327	1841912	96.03	2437544.0	2.1428596014944157	67.07001151168038	56.0	73.00105108973737	40.0	2538318.0
SRX4105545	70.21742067230277	2328581	95.0	3150356.0	1.0389177107796486	67.75007628754884	57.0	72.80322678307145	40.0	3316244.0
SRX4105546	68.63343991870117	2185496	94.55	3010829.0	1.4924375655094002	68.19661379160118	57.0	73.02847908270007	40.0	3184302.0
SRX4105547	2.080400058931286	301339	10.88	1575383.0	2.18973043507463	94.30792386002437	54.0	48.95350855863711	27.27272727272727	14484666.0
SRX4105548	2.86259973124599	490368	15.77	2702028.0	2.1380608398545005	93.68759388837051	54.0	49.00599865862339	27.27272727272727	17130163.0
SRX4105549	5.571055515812749	466013	25.76	2154540.0	3.1461222096875914	98.02926851683787	54.0	49.51759388281695	36.36363636363637	8364896.0
SRX4105550	2.3864570434893984	327927	16.08	2209556.0	2.153510080738983	94.1353816732277	54.0	48.956154081549855	36.36363636363637	13741165.0
SRX4105551	13.936145664612166	625685	44.84	2013058.0	3.7239940849473774	96.22346875285214	54.0	49.51568583428218	27.27272727272727	4489656.0
SRX4105552	5.818888300983414	955784	27.48	4514460.0	2.11846731662969	91.8801117046897	54.0	49.00723823863844	27.27272727272727	16425543.0
SRX4105553	2.71609115569105	394617	19.34	2809722.0	2.196030347469239	94.04923957516783	54.0	48.93454467891039	36.36363636363637	14528857.0
SRX4105554	3.127046337839296	410061	16.64	2182635.0	2.3390326905917904	93.26856449046738	55.0	49.00208207428071	27.27272727272727	13113365.0
SRX4105555	66.022524529012	2217348	94.42	3170925.0	4.479249434175485	75.3664169986842	56.0	72.81908379763178	40.0	3358472.0
SRX4105556	62.8838159329917	488894	87.22	678060.0	13.479944333675178	57.017341901920545	59.0	72.42507871828116	40.0	777456.0
SRX4105557	72.57045302129892	2498629	95.83	3299545.0	0.4222844701760948	67.93495275617572	56.0	73.2043366340027	40.0	3443039.0
SRX4105558	68.0000611265386	1735418	92.85	2369728.0	0.7539804973500752	65.0319404952944	56.0	73.01636898172983	40.0	2552083.0
SRX4105559	65.44235664407269	2006854	93.31	2861584.0	4.402658908216007	71.36634679080893	57.0	72.54764334940543	40.0	3066598.0
SRX4105560	53.81929201586354	1297074	75.47	1818803.0	9.809727295126827	74.74433169606179	64.0	71.36194624684758	40.0	2410054.0
SRX4105561	4.747659050812981	663698	21.31	2978675.0	3.385167167054094	92.15570874915598	55.0	48.99809356271432	27.27272727272727	13979479.0
SRX4105562	2.148296397861253	260968	15.01	1823918.0	2.2681134154495814	93.57720102832663	54.0	48.94345566788435	27.27272727272727	12147672.0
SRX4105563	5.952787782898497	785779	26.81	3539053.0	2.0878844234438736	91.74987554549759	54.0	49.02638879682368	27.27272727272727	13200185.0
SRX4105564	9.876337491736514	1051458	42.61	4536193.0	2.5071811556442136	88.81372259326322	54.0	49.05654638062624	27.27272727272727	10646234.0
SRX4105565	28.203931189237775	3725796	68.14	9002074.0	4.836292152750386	85.31587898667851	55.0	49.04760374198697	27.27272727272727	13210201.0
SRX4105566	6.8360338691773865	1004879	26.48	3892075.0	2.5626700701660723	91.11145021692225	54.0	49.007718233326216	27.27272727272727	14699737.0
SRX4105567	2.5086084755734626	328530	12.91	1690562.0	2.9501658100951897	93.24569736545291	55.0	49.00916302977107	27.27272727272727	13096105.0
SRX4105568	4.763341922070185	715124	21.26	3191934.0	3.4285164510416895	92.27825088413947	54.0	49.015672540858226	27.27272727272727	15013073.0
SRX5055969	26.442458850715806	2981415	46.44	5236697.0	13.915614344716415	71.87959676374503	55.0	88.44642528827892	27.27272727272727	11275105.0
SRX5055970	23.04219843160493	2511966	46.08	5023275.0	18.138688502703758	67.127596278586	55.0	86.22507414056115	27.27272727272727	10901590.0
SRX5055971	22.9312506374557	2502378	47.24	5155092.0	15.998116973510118	60.105343864294596	56.0	86.57100617336614	36.36363636363637	10912523.0
SRX5055972	28.03719844591551	2727651	45.24	4401666.0	12.77968783584462	44.94976401707697	55.0	90.36605231168937	18.181818181818183	9728686.0
SRX689242	25.55771263000935	289494	78.39	887918.0	4.349321965346604	83.54338632000551	53.0	49.912139679546435	40.0	1132707.0
SRX7119038	26.442529803491855	2981423	46.44	5236697.0	14.444974246608671	53.11964559162885	56.0	88.62559878599801	36.36363636363637	11275105.0
SRX7119039	23.04216173970953	2511962	46.08	5023277.0	18.138688502703758	56.47271732151663	56.0	86.33725979421351	36.36363636363637	10901590.0
SRX7119040	14.37492795714481	1349342	45.32	4254277.0	17.558257544160888	70.82511866814787	55.0	86.25002370356418	36.36363636363637	9386774.0
SRX7119041	27.79133035986397	3092236	46.51	5175256.0	12.097270356292052	47.45238522213967	55.0	90.81418878202106	27.27272727272727	11126621.0
SRX8650808	62.71103565954076	27184652	93.94	40721601.0	0.0815825835258509	85.89813629436645	54.0	75.04393782639684	30.0	43349072.0
UV_control_1	75.33652539029401	9606809	93.94	11979573.0	0.9374932432878282	70.20838622090773	55.0	50.55959659535185	18.181818181818183	12751861.0
UV_control_2	60.32375734459229	5472149	96.77	8778467.0	1.0023267059393421	77.23981958774363	55.0	50.50556557494516	18.181818181818183	9071300.0
UV_control_3	58.3447754901844	6807732	97.2	11341595.0	1.006171408095859	85.53261573928933	54.0	50.49652724361763	27.27272727272727	11668109.0
UV_exposure_2	61.10623183644106	7692292	96.85	12192005.0	1.065457412084853	79.04284456728163	54.0	50.515931979239284	18.181818181818183	12588392.0
UV_exposure_3	59.82837491844442	6778373	97.74	11073933.0	1.0671991583565903	83.11782291658947	54.0	50.52537473203164	27.27272727272727	11329696.0
dark_4h_0110_KO_1	69.50966305179904	9272653	95.2	12700414.0	1.1560892364225366	74.94445569489665	53.0	50.5183265602666	18.181818181818183	13340092.0
dark_4h_0110_KO_2	68.8573692757108	7642854	95.31	10579177.0	1.0233918368332735	73.10101780620805	52.0	50.50827844819571	18.181818181818183	11099544.0
dark_4h_0616_KO_1	73.44564334769397	7678211	93.32	9756146.0	1.130361616707045	68.5565459267752	54.0	50.55096560001232	18.181818181818183	10454277.0
dark_4h_0616_KO_2	70.47253754164122	8774752	95.28	11864185.0	0.9139693615458855	72.096251085705	53.0	50.50293643872085	18.181818181818183	12451307.0
dark_4h_1684_KO_1	35.727214553432674	3634626	95.42	9707340.0	1.1022526427367305	75.35588232479063	52.0	50.494931226636076	18.181818181818183	10173270.0
dark_4h_1684_KO_2	37.30634699354006	2847611	94.71	7229059.0	1.3224106265974784	67.93883900235674	53.0	50.45091377008421	18.181818181818183	7633047.0
km_LL_1	52.558885426604085	6172690	96.42	11324472.0	1.1302461443986576	77.28405146995519	53.0	50.50472066014483	18.181818181818183	11744332.0
km_LL_2	75.30957271652835	9732601	96.15	12425651.0	1.0550264539731498	75.60967958220046	54.0	50.527549979270255	18.181818181818183	12923458.0
km_dark_4h_1	60.72422290919071	6002771	93.46	9239291.0	1.5147310449850153	73.359343119535	52.0	50.41404230666164	18.181818181818183	9885299.0
km_dark_4h_2	70.73246176815816	9119247	93.62	12070594.0	1.2923555733984449	75.82001410468465	51.0	50.459675018000645	18.181818181818183	12892591.0
light_0110_KO_1	57.30162340891718	7045689	96.8	11901881.0	1.0184038139364664	78.00225272044065	54.0	50.49866210337145	18.181818181818183	12295793.0
light_0110_KO_2	74.22293895983564	10158216	97.12	13291582.0	1.0866264665183656	77.75596466377348	54.0	50.531665186696536	18.181818181818183	13686087.0
light_0616_KO_1	74.94461305055192	7166745	94.3	9017499.0	1.1654478694339485	65.68146445062183	54.0	50.49147794947924	18.181818181818183	9562722.0
light_0616_KO_2	74.52615967041393	9628753	93.73	12110299.0	0.942179040523592	70.2310317275334	54.0	50.51241737206079	18.181818181818183	12919964.0
light_1684_KO_1	72.53824548248102	10296574	96.28	13666070.0	1.0560852120116255	76.92459070275551	54.0	50.53063108207488	18.181818181818183	14194683.0
light_1684_KO_2	59.88765902781367	6280420	97.28	10202178.0	0.976203387297362	80.52214589042212	54.0	50.52539486499573	18.181818181818183	10487002.0
post_uv_2hrs_1	55.46789237467236	5645014	96.12	9782719.0	0.9637203197030837	85.83719838961893	54.0	50.51468799903784	36.36363636363637	10177084.0
post_uv_2hrs_2	78.52824207489513	6895060	94.57	8303920.0	1.1450584311146634	64.50027223208957	55.0	50.55517605947002	18.181818181818183	8780357.0
post_uv_2hrs_3	77.9584961398189	7667848	94.35	9280009.0	1.0839999893975545	67.3145500688282	55.0	50.49724232111892	18.181818181818183	9835808.0
post_uv_control_1	54.02271859584894	5128005	96.46	9156207.0	1.0409208861681059	81.13085026784252	54.0	50.46979903315441	27.27272727272727	9492312.0
post_uv_control_2	78.24181195512624	8723919	94.16	10498269.0	1.2207792099012207	67.59444482521724	55.0	50.55201330589523	18.181818181818183	11149945.0
wt_LL_1	51.28338569968156	4615696	96.48	8683525.0	1.0319022796200203	75.20228233864204	53.0	50.50872469396546	18.181818181818183	9000373.0
wt_LL_2	53.421542015103306	5539628	96.21	9977033.0	1.0728161465850439	75.12876264550766	52.0	50.5050275554088	18.181818181818183	10369652.0
wt_dark_4h_1	69.14004478296418	8242220	94.41	11255097.0	1.1759730177086047	76.46048113474392	52.0	50.4957151009588	18.181818181818183	11921051.0
wt_dark_4h_2	35.85253874274083	3794025	94.9	10042398.0	1.2594044537200075	73.02258010000527	52.0	50.456632368845916	18.181818181818183	10582305.0
