Sample	reads_processed	reads_aligned	reads_aligned_percentage	not_aligned	not_aligned_percentage
DRX275049	1011293.0	92034.0	9.1	919259.0	90.9
DRX275050	1004252.0	947336.0	94.33	56916.0	5.67
SRX063252	15165120.0	9837403.0	64.87	5327717.0	35.13
SRX063253	20226226.0	740264.0	3.66	19485962.0	96.34
SRX063254	20172997.0	715143.0	3.55	19457854.0	96.45
SRX10864008	20662571.0	20401774.0	98.74	260797.0	1.26
SRX10864009	24071483.0	23801470.0	98.88	270013.0	1.12
SRX10864010	22937379.0	22629463.0	98.66	307916.0	1.34
SRX10864011	24104412.0	23565159.0	97.76	539253.0	2.24
SRX10864012	24088702.0	23510901.0	97.6	577801.0	2.4
SRX10864013	24098535.0	23538231.0	97.67	560304.0	2.33
SRX10864014	22707858.0	22146907.0	97.53	560951.0	2.47
SRX10864015	24101200.0	23553642.0	97.73	547558.0	2.27
SRX10864016	24098393.0	23561826.0	97.77	536567.0	2.23
SRX11229889	25626153.0	23487155.0	91.65	2138998.0	8.35
SRX11313113	27683415.0	22690671.0	81.96	4992744.0	18.04
SRX11402692	24161289.0	21912488.0	90.69	2248801.0	9.31
SRX11402693	34585571.0	31537126.0	91.19	3048445.0	8.81
SRX15590299	6402403.0	6280239.0	98.09	122164.0	1.91
SRX15590300	7040958.0	6908991.0	98.13	131967.0	1.87
SRX15590301	7521525.0	7398716.0	98.37	122809.0	1.63
SRX15590302	7042880.0	6905344.0	98.05	137536.0	1.95
SRX15590303	7070903.0	6922509.0	97.9	148394.0	2.1
SRX15590304	6869606.0	5427091.0	79.0	1442515.0	21.0
SRX15590305	6758127.0	6622515.0	97.99	135612.0	2.01
SRX15590306	6699604.0	6555222.0	97.84	144382.0	2.16
SRX15590307	5916773.0	5795166.0	97.94	121607.0	2.06
SRX15590308	7000688.0	6861063.0	98.01	139625.0	1.99
SRX15590309	6701834.0	6542735.0	97.63	159099.0	2.37
SRX15590310	6882776.0	6339432.0	92.11	543344.0	7.89
SRX15590311	7580689.0	7422354.0	97.91	158335.0	2.09
SRX15590312	8609673.0	8391199.0	97.46	218474.0	2.54
SRX15590313	7738940.0	7595114.0	98.14	143826.0	1.86
SRX15590314	7392133.0	7227909.0	97.78	164224.0	2.22
SRX15590315	7767436.0	7604508.0	97.9	162928.0	2.1
SRX15590316	6527666.0	6401666.0	98.07	126000.0	1.93
SRX15590317	7116554.0	6966871.0	97.9	149683.0	2.1
SRX15590318	6948799.0	6796076.0	97.8	152723.0	2.2
SRX15590319	6930838.0	6793051.0	98.01	137787.0	1.99
SRX15630037	3852396.0	3617932.0	93.91	234464.0	6.09
SRX15630038	3987136.0	3699613.0	92.79	287523.0	7.21
SRX15630039	3815161.0	3610352.0	94.63	204809.0	5.37
SRX15630040	4347008.0	4044701.0	93.05	302307.0	6.95
SRX15630041	3861229.0	3608315.0	93.45	252914.0	6.55
SRX15630042	3905971.0	3556432.0	91.05	349539.0	8.95
SRX15630043	4433424.0	4179772.0	94.28	253652.0	5.72
SRX15630044	3853247.0	3582498.0	92.97	270749.0	7.03
SRX15630045	3683358.0	3486918.0	94.67	196440.0	5.33
SRX15630046	3949722.0	3733998.0	94.54	215724.0	5.46
SRX15630047	4271685.0	3974462.0	93.04	297223.0	6.96
SRX15630048	3920609.0	3682377.0	93.92	238232.0	6.08
SRX15947806	9514921.0	9125046.0	95.9	389875.0	4.1
SRX15947807	12751861.0	11979573.0	93.94	772288.0	6.06
SRX15947808	12588392.0	12192005.0	96.85	396387.0	3.15
SRX15947809	9071300.0	8778467.0	96.77	292833.0	3.23
SRX15947810	11329696.0	11073933.0	97.74	255763.0	2.26
SRX15947812	11668109.0	11341595.0	97.2	326514.0	2.8
SRX15947813	10177084.0	9782719.0	96.12	394365.0	3.88
SRX15947814	9492312.0	9156207.0	96.46	336105.0	3.54
SRX15947815	8780357.0	8303920.0	94.57	476437.0	5.43
SRX15947816	9835808.0	9280009.0	94.35	555799.0	5.65
SRX17839586	14822263.0	13982907.0	94.34	839356.0	5.66
SRX17839587	18102561.0	14552135.0	80.39	3550426.0	19.61
SRX17839588	13792468.0	12278198.0	89.02	1514270.0	10.98
SRX17839589	18539831.0	16528465.0	89.15	2011366.0	10.85
SRX17839590	21266612.0	20023655.0	94.16	1242957.0	5.84
SRX17839591	19601147.0	17242640.0	87.97	2358507.0	12.03
SRX18913104	9599661.0	8953612.0	93.27	646049.0	6.73
SRX18913105	11009204.0	10227265.0	92.9	781939.0	7.1
SRX18913106	8851453.0	8334417.0	94.16	517036.0	5.84
SRX18913107	9449641.0	8669816.0	91.75	779825.0	8.25
SRX18913108	10165768.0	9322509.0	91.7	843259.0	8.3
SRX18913109	11539604.0	10663797.0	92.41	875807.0	7.59
SRX18913110	8603969.0	7959581.0	92.51	644388.0	7.49
SRX18913111	8894545.0	8154681.0	91.68	739864.0	8.32
SRX18913112	11081462.0	10272243.0	92.7	809219.0	7.3
SRX18913113	9632580.0	8532092.0	88.58	1100488.0	11.42
SRX18913114	9718609.0	8934869.0	91.94	783740.0	8.06
SRX18913115	9784391.0	8958389.0	91.56	826002.0	8.44
SRX2356912	10296549.0	9990388.0	97.03	306161.0	2.97
SRX2356913	8723592.0	8474504.0	97.14	249088.0	2.86
SRX2356914	9920031.0	9601469.0	96.79	318562.0	3.21
SRX2356915	11636035.0	11241022.0	96.61	395013.0	3.39
SRX2356916	8490206.0	8246709.0	97.13	243497.0	2.87
SRX2356917	10897421.0	10560824.0	96.91	336597.0	3.09
SRX2356918	10417045.0	10088250.0	96.84	328795.0	3.16
SRX2356919	18379529.0	17857444.0	97.16	522085.0	2.84
SRX2356920	13539891.0	13004702.0	96.05	535189.0	3.95
SRX2356921	9528472.0	9116726.0	95.68	411746.0	4.32
SRX2356922	12374908.0	11759390.0	95.03	615518.0	4.97
SRX2356923	11500208.0	11033244.0	95.94	466964.0	4.06
SRX2356924	11365808.0	11082874.0	97.51	282934.0	2.49
SRX2356925	11215629.0	10940510.0	97.55	275119.0	2.45
SRX2356926	14287091.0	13870466.0	97.08	416625.0	2.92
SRX2356927	11502743.0	11184109.0	97.23	318634.0	2.77
SRX2356928	13135996.0	12824317.0	97.63	311679.0	2.37
SRX2356929	15185407.0	14795383.0	97.43	390024.0	2.57
SRX2356930	12099681.0	11787778.0	97.42	311903.0	2.58
SRX2356931	12865353.0	12500857.0	97.17	364496.0	2.83
SRX2356932	13789883.0	13454374.0	97.57	335509.0	2.43
SRX2356933	16297408.0	15926056.0	97.72	371352.0	2.28
SRX2356934	15464914.0	15093985.0	97.6	370929.0	2.4
SRX2356935	10715395.0	10396458.0	97.02	318937.0	2.98
SRX259777	36164634.0	34230128.0	94.65	1934506.0	5.35
SRX259778	24359231.0	23044449.0	94.6	1314782.0	5.4
SRX259779	26006755.0	24822306.0	95.45	1184449.0	4.55
SRX259780	28488625.0	27024600.0	94.86	1464025.0	5.14
SRX259781	14784598.0	14004497.0	94.72	780101.0	5.28
SRX259782	14645289.0	13904671.0	94.94	740618.0	5.06
SRX259783	27350230.0	25938458.0	94.84	1411772.0	5.16
SRX259784	18909243.0	17778624.0	94.02	1130619.0	5.98
SRX259785	23295119.0	21865829.0	93.86	1429290.0	6.14
SRX259786	61005765.0	57324690.0	93.97	3681075.0	6.03
SRX259787	40375154.0	37686082.0	93.34	2689072.0	6.66
SRX259788	51421520.0	48071630.0	93.49	3349890.0	6.51
SRX259789	15400005.0	14498699.0	94.15	901306.0	5.85
SRX259790	9211244.0	8571200.0	93.05	640044.0	6.95
SRX259791	29256025.0	27312483.0	93.36	1943542.0	6.64
SRX259792	12823449.0	10732440.0	83.69	2091009.0	16.31
SRX259793	15585581.0	13705154.0	87.93	1880427.0	12.07
SRX3159653	14902248.0	13522390.0	90.74	1379858.0	9.26
SRX3159654	18764116.0	16812050.0	89.6	1952066.0	10.4
SRX3159655	16619909.0	15223367.0	91.6	1396542.0	8.4
SRX3159656	10815927.0	9739480.0	90.05	1076447.0	9.95
SRX3159657	12280934.0	11363173.0	92.53	917761.0	7.47
SRX3159658	13841871.0	12948979.0	93.55	892892.0	6.45
SRX3159659	16918006.0	15644402.0	92.47	1273604.0	7.53
SRX3159660	16578507.0	15780142.0	95.18	798365.0	4.82
SRX3159661	18088638.0	13831004.0	76.46	4257634.0	23.54
SRX3159662	21216943.0	18641672.0	87.86	2575271.0	12.14
SRX3159663	17112856.0	14528687.0	84.9	2584169.0	15.1
SRX3159664	19430842.0	15556635.0	80.06	3874207.0	19.94
SRX3159665	16013940.0	14777447.0	92.28	1236493.0	7.72
SRX3159666	17256524.0	14349731.0	83.16	2906793.0	16.84
SRX3159667	13317165.0	12369311.0	92.88	947854.0	7.12
SRX3159668	16996035.0	15448485.0	90.89	1547550.0	9.11
SRX3172761	9588489.0	8495283.0	88.6	1093206.0	11.4
SRX3172762	13274502.0	11924198.0	89.83	1350304.0	10.17
SRX3172763	15077901.0	13329383.0	88.4	1748518.0	11.6
SRX3172764	16876445.0	15462698.0	91.62	1413747.0	8.38
SRX3172765	14017168.0	12859205.0	91.74	1157963.0	8.26
SRX3172766	13088071.0	11698818.0	89.39	1389253.0	10.61
SRX3176780	16694501.0	13506673.0	80.9	3187828.0	19.1
SRX3176781	15204811.0	12760238.0	83.92	2444573.0	16.08
SRX3176782	10889117.0	8735292.0	80.22	2153825.0	19.78
SRX3176783	17134418.0	14205506.0	82.91	2928912.0	17.09
SRX3176784	14657620.0	11519176.0	78.59	3138444.0	21.41
SRX3176785	16883125.0	14476361.0	85.74	2406764.0	14.26
SRX3176786	12593236.0	10432264.0	82.84	2160972.0	17.16
SRX3176787	12281423.0	10293134.0	83.81	1988289.0	16.19
SRX3176788	15362469.0	12963675.0	84.39	2398794.0	15.61
SRX3176789	10859474.0	9803890.0	90.28	1055584.0	9.72
SRX3176790	15696999.0	14281466.0	90.98	1415533.0	9.02
SRX3176791	11596281.0	10604651.0	91.45	991630.0	8.55
SRX3176792	10009855.0	8993875.0	89.85	1015980.0	10.15
SRX3176793	13687696.0	11908533.0	87.0	1779163.0	13.0
SRX3176794	17633163.0	15980515.0	90.63	1652648.0	9.37
SRX3176795	13883075.0	11918224.0	85.85	1964851.0	14.15
SRX3176796	21458195.0	17549993.0	81.79	3908202.0	18.21
SRX3176797	15359038.0	7599215.0	49.48	7759823.0	50.52
SRX3176798	9019509.0	8230631.0	91.25	788878.0	8.75
SRX3176799	8266995.0	7489028.0	90.59	777967.0	9.41
SRX3176800	9224575.0	8444792.0	91.55	779783.0	8.45
SRX3176801	9001492.0	8301254.0	92.22	700238.0	7.78
SRX3176802	7641957.0	7038322.0	92.1	603635.0	7.9
SRX3176803	7918176.0	7304859.0	92.25	613317.0	7.75
SRX3176804	11926316.0	11132058.0	93.34	794258.0	6.66
SRX3176805	10626721.0	9882987.0	93.0	743734.0	7.0
SRX3176806	7886297.0	7539132.0	95.6	347165.0	4.4
SRX3176807	10405590.0	9883165.0	94.98	522425.0	5.02
SRX3176808	12686501.0	11986927.0	94.49	699574.0	5.51
SRX3176809	11361991.0	10693336.0	94.11	668655.0	5.89
SRX3176810	21703928.0	19944716.0	91.89	1759212.0	8.11
SRX3176811	13605240.0	12812452.0	94.17	792788.0	5.83
SRX3176812	22896262.0	21309654.0	93.07	1586608.0	6.93
SRX3176813	12565286.0	11921570.0	94.88	643716.0	5.12
SRX3176814	12416529.0	11760524.0	94.72	656005.0	5.28
SRX3176815	13725564.0	12343906.0	89.93	1381658.0	10.07
SRX3211301	7889271.0	7731323.0	98.0	157948.0	2.0
SRX3211302	8378625.0	8204998.0	97.93	173627.0	2.07
SRX3211303	7989637.0	7842735.0	98.16	146902.0	1.84
SRX3211304	8899792.0	8803751.0	98.92	96041.0	1.08
SRX3211305	10541745.0	10312680.0	97.83	229065.0	2.17
SRX3211306	7701446.0	7631438.0	99.09	70008.0	0.91
SRX3211307	10507491.0	10386925.0	98.85	120566.0	1.15
SRX3211308	9064096.0	8952319.0	98.77	111777.0	1.23
SRX3211309	9115850.0	8991952.0	98.64	123898.0	1.36
SRX3211310	7478543.0	7399550.0	98.94	78993.0	1.06
SRX3211311	9901118.0	9749136.0	98.47	151982.0	1.53
SRX3211312	7595203.0	7519095.0	99.0	76108.0	1.0
SRX3211313	9425027.0	9254936.0	98.2	170091.0	1.8
SRX3211314	9442261.0	9294770.0	98.44	147491.0	1.56
SRX3211315	11492940.0	11310619.0	98.41	182321.0	1.59
SRX3211316	10849204.0	10705503.0	98.68	143701.0	1.32
SRX3211317	12832533.0	12623891.0	98.37	208642.0	1.63
SRX3211318	9978101.0	9879972.0	99.02	98129.0	0.98
SRX3211319	13206338.0	13033792.0	98.69	172546.0	1.31
SRX3211320	9128765.0	9001799.0	98.61	126966.0	1.39
SRX3211321	7472343.0	7341885.0	98.25	130458.0	1.75
SRX3211322	10983690.0	10824099.0	98.55	159591.0	1.45
SRX3211323	5846676.0	5757233.0	98.47	89443.0	1.53
SRX3211324	4354764.0	4303429.0	98.82	51335.0	1.18
SRX3211325	6166001.0	6102785.0	98.97	63216.0	1.03
SRX3211326	9267008.0	9138272.0	98.61	128736.0	1.39
SRX3211327	7529042.0	7448133.0	98.93	80909.0	1.07
SRX3211328	8392149.0	8308913.0	99.01	83236.0	0.99
SRX3211329	6181510.0	6090159.0	98.52	91351.0	1.48
SRX3211330	5314794.0	5223549.0	98.28	91245.0	1.72
SRX3211331	6043883.0	5938096.0	98.25	105787.0	1.75
SRX3211332	7629023.0	7505987.0	98.39	123036.0	1.61
SRX3211333	6405583.0	6292710.0	98.24	112873.0	1.76
SRX3211334	8135311.0	7954633.0	97.78	180678.0	2.22
SRX3211335	7031448.0	6909335.0	98.26	122113.0	1.74
SRX3211336	6661889.0	6530430.0	98.03	131459.0	1.97
SRX3211337	7188130.0	7038361.0	97.92	149769.0	2.08
SRX3211338	9709258.0	9494889.0	97.79	214369.0	2.21
SRX3211339	8585396.0	8404722.0	97.9	180674.0	2.1
SRX3211340	8505634.0	8322544.0	97.85	183090.0	2.15
SRX3211341	9584698.0	9387998.0	97.95	196700.0	2.05
SRX3211342	8231026.0	8055571.0	97.87	175455.0	2.13
SRX3211343	9277153.0	9085971.0	97.94	191182.0	2.06
SRX3211344	5245434.0	5143586.0	98.06	101848.0	1.94
SRX3211345	8922455.0	8687652.0	97.37	234803.0	2.63
SRX3211346	8776769.0	8602107.0	98.01	174662.0	1.99
SRX3211347	8005651.0	7864302.0	98.23	141349.0	1.77
SRX3211348	8491400.0	8366716.0	98.53	124684.0	1.47
SRX3211349	10505257.0	10269481.0	97.76	235776.0	2.24
SRX3211350	7922927.0	7807658.0	98.55	115269.0	1.45
SRX3211351	7122937.0	7002788.0	98.31	120149.0	1.69
SRX3211352	7337409.0	7178220.0	97.83	159189.0	2.17
SRX3211353	8575045.0	8345262.0	97.32	229783.0	2.68
SRX3211354	7362443.0	7229870.0	98.2	132573.0	1.8
SRX3211355	7604401.0	7402873.0	97.35	201528.0	2.65
SRX3211356	6412926.0	6268784.0	97.75	144142.0	2.25
SRX3211357	8328750.0	8126359.0	97.57	202391.0	2.43
SRX3211358	7950948.0	7784769.0	97.91	166179.0	2.09
SRX3211359	9496680.0	9274791.0	97.66	221889.0	2.34
SRX3211360	8233057.0	8079629.0	98.14	153428.0	1.86
SRX3312459	11859800.0	10515561.0	88.67	1344239.0	11.33
SRX3312460	11515913.0	10397114.0	90.28	1118799.0	9.72
SRX3312461	13737010.0	12309637.0	89.61	1427373.0	10.39
SRX3312462	12947000.0	11602007.0	89.61	1344993.0	10.39
SRX3312463	13256903.0	11772360.0	88.8	1484543.0	11.2
SRX3312464	17134598.0	15466802.0	90.27	1667796.0	9.73
SRX3312465	11702495.0	10240338.0	87.51	1462157.0	12.49
SRX3312466	9332655.0	8146305.0	87.29	1186350.0	12.71
SRX3312467	12048478.0	10416378.0	86.45	1632100.0	13.55
SRX3312468	10758283.0	8687203.0	80.75	2071080.0	19.25
SRX3312469	12599814.0	10822561.0	85.89	1777253.0	14.11
SRX3312470	25794309.0	22831630.0	88.51	2962679.0	11.49
SRX3312471	17175605.0	14349845.0	83.55	2825760.0	16.45
SRX3312472	17463827.0	14989915.0	85.83	2473912.0	14.17
SRX3312473	14157948.0	11867129.0	83.82	2290819.0	16.18
SRX3312474	11591662.0	10229904.0	88.25	1361758.0	11.75
SRX3312475	13404912.0	10931555.0	81.55	2473357.0	18.45
SRX3312476	11343259.0	9369876.0	82.6	1973383.0	17.4
SRX3312477	5679245.0	4936034.0	86.91	743211.0	13.09
SRX3312478	7303850.0	6529106.0	89.39	774744.0	10.61
SRX3312479	8592259.0	7765131.0	90.37	827128.0	9.63
SRX3312480	8784247.0	7896618.0	89.9	887629.0	10.1
SRX3312481	9906601.0	8838949.0	89.22	1067652.0	10.78
SRX3312482	6954671.0	5758974.0	82.81	1195697.0	17.19
SRX3312483	9224609.0	8447493.0	91.58	777116.0	8.42
SRX3312484	9476855.0	8398938.0	88.63	1077917.0	11.37
SRX3312485	11145617.0	10134065.0	90.92	1011552.0	9.08
SRX3312486	10094641.0	8988100.0	89.04	1106541.0	10.96
SRX3312487	8371818.0	7521416.0	89.84	850402.0	10.16
SRX3312488	9908236.0	8819193.0	89.01	1089043.0	10.99
SRX3312489	7901487.0	6843939.0	86.62	1057548.0	13.38
SRX3312490	9275428.0	7305937.0	78.77	1969491.0	21.23
SRX3312491	3400431.0	2962638.0	87.13	437793.0	12.87
SRX3312492	22905513.0	20696693.0	90.36	2208820.0	9.64
SRX3312493	10483460.0	8984012.0	85.7	1499448.0	14.3
SRX3312494	6153832.0	5321106.0	86.47	832726.0	13.53
SRX359366	13659132.0	13441160.0	98.4	217972.0	1.6
SRX359367	12017338.0	11842067.0	98.54	175271.0	1.46
SRX359368	11933774.0	11703067.0	98.07	230707.0	1.93
SRX359369	14201301.0	13935529.0	98.13	265772.0	1.87
SRX359370	11455370.0	11281789.0	98.48	173581.0	1.52
SRX359371	12172509.0	11951417.0	98.18	221092.0	1.82
SRX359372	9585273.0	9519371.0	99.31	65902.0	0.69
SRX359373	11590531.0	11500400.0	99.22	90131.0	0.78
SRX359374	12655792.0	12539946.0	99.08	115846.0	0.92
SRX359375	11790971.0	11683809.0	99.09	107162.0	0.91
SRX359376	10504781.0	10420642.0	99.2	84139.0	0.8
SRX359377	11571256.0	11488414.0	99.28	82842.0	0.72
SRX359378	10313195.0	10236106.0	99.25	77089.0	0.75
SRX359379	9544087.0	9469327.0	99.22	74760.0	0.78
SRX359380	10392541.0	10302299.0	99.13	90242.0	0.87
SRX359381	9954919.0	9881510.0	99.26	73409.0	0.74
SRX359382	12249229.0	12145210.0	99.15	104019.0	0.85
SRX359383	12166072.0	12064774.0	99.17	101298.0	0.83
SRX4105497	13547027.0	5851511.0	43.19	7695516.0	56.81
SRX4105498	18060491.0	5590050.0	30.95	12470441.0	69.05
SRX4105499	12680705.0	4381081.0	34.55	8299624.0	65.45
SRX4105500	28677256.0	2229107.0	7.77	26448149.0	92.23
SRX4105501	12940664.0	4269047.0	32.99	8671617.0	67.01
SRX4105502	20576806.0	6718492.0	32.65	13858314.0	67.35
SRX4105503	20933895.0	9070090.0	43.33	11863805.0	56.67
SRX4105504	18201496.0	5721435.0	31.43	12480061.0	68.57
SRX4105505	14407729.0	4873356.0	33.82	9534373.0	66.18
SRX4105506	4480833.0	179114.0	4.0	4301719.0	96.0
SRX4105507	3904744.0	153079.0	3.92	3751665.0	96.08
SRX4105508	11263183.0	873374.0	7.75	10389809.0	92.25
SRX4105509	10780922.0	3596982.0	33.36	7183940.0	66.64
SRX4105510	16259600.0	5497994.0	33.81	10761606.0	66.19
SRX4105511	3259774.0	2689075.0	82.49	570699.0	17.51
SRX4105512	4482753.0	3790057.0	84.55	692696.0	15.45
SRX4105513	4075617.0	1834958.0	45.02	2240659.0	54.98
SRX4105514	5145687.0	3491047.0	67.84	1654640.0	32.16
SRX4105515	3472019.0	952798.0	27.44	2519221.0	72.56
SRX4105516	4798203.0	2643261.0	55.09	2154942.0	44.91
SRX4105517	18311303.0	2053631.0	11.22	16257672.0	88.78
SRX4105518	14559724.0	3967377.0	27.25	10592347.0	72.75
SRX4105519	2353976.0	595794.0	25.31	1758182.0	74.69
SRX4105520	13620440.0	1275089.0	9.36	12345351.0	90.64
SRX4105521	9670967.0	803519.0	8.31	8867448.0	91.69
SRX4105522	17825907.0	3443372.0	19.32	14382535.0	80.68
SRX4105523	11029356.0	1071009.0	9.71	9958347.0	90.29
SRX4105524	13276464.0	867740.0	6.54	12408724.0	93.46
SRX4105525	12280213.0	9207542.0	74.98	3072671.0	25.02
SRX4105526	21743377.0	16687836.0	76.75	5055541.0	23.25
SRX4105527	17804954.0	14819922.0	83.23	2985032.0	16.77
SRX4105528	17323537.0	12978403.0	74.92	4345134.0	25.08
SRX4105529	20868876.0	17241207.0	82.62	3627669.0	17.38
SRX4105530	24433720.0	21640121.0	88.57	2793599.0	11.43
SRX4105531	5192752.0	372221.0	7.17	4820531.0	92.83
SRX4105532	3052717.0	214421.0	7.02	2838296.0	92.98
SRX4105533	16182366.0	12293928.0	75.97	3888438.0	24.03
SRX4105534	7692735.0	2090102.0	27.17	5602633.0	72.83
SRX4105535	6680652.0	1795510.0	26.88	4885142.0	73.12
SRX4105536	15561205.0	12927704.0	83.08	2633501.0	16.92
SRX4105537	9097860.0	6831830.0	75.09	2266030.0	24.91
SRX4105538	18425735.0	15272627.0	82.89	3153108.0	17.11
SRX4105539	12025582.0	10610360.0	88.23	1415222.0	11.77
SRX4105540	17557688.0	10484479.0	59.71	7073209.0	40.29
SRX4105541	834150.0	696314.0	83.48	137836.0	16.52
SRX4105542	3026512.0	2903697.0	95.94	122815.0	4.06
SRX4105543	2740879.0	2600300.0	94.87	140579.0	5.13
SRX4105544	2538318.0	2437544.0	96.03	100774.0	3.97
SRX4105545	3316244.0	3150356.0	95.0	165888.0	5.0
SRX4105546	3184302.0	3010829.0	94.55	173473.0	5.45
SRX4105547	14484666.0	1575383.0	10.88	12909283.0	89.12
SRX4105548	17130163.0	2702028.0	15.77	14428135.0	84.23
SRX4105549	8364896.0	2154540.0	25.76	6210356.0	74.24
SRX4105550	13741165.0	2209556.0	16.08	11531609.0	83.92
SRX4105551	4489656.0	2013058.0	44.84	2476598.0	55.16
SRX4105552	16425543.0	4514460.0	27.48	11911083.0	72.52
SRX4105553	14528857.0	2809722.0	19.34	11719135.0	80.66
SRX4105554	13113365.0	2182635.0	16.64	10930730.0	83.36
SRX4105555	3358472.0	3170925.0	94.42	187547.0	5.58
SRX4105556	777456.0	678060.0	87.22	99396.0	12.78
SRX4105557	3443039.0	3299545.0	95.83	143494.0	4.17
SRX4105558	2552083.0	2369728.0	92.85	182355.0	7.15
SRX4105559	3066598.0	2861584.0	93.31	205014.0	6.69
SRX4105560	2410054.0	1818803.0	75.47	591251.0	24.53
SRX4105561	13979479.0	2978675.0	21.31	11000804.0	78.69
SRX4105562	12147672.0	1823918.0	15.01	10323754.0	84.99
SRX4105563	13200185.0	3539053.0	26.81	9661132.0	73.19
SRX4105564	10646234.0	4536193.0	42.61	6110041.0	57.39
SRX4105565	13210201.0	9002074.0	68.14	4208127.0	31.86
SRX4105566	14699737.0	3892075.0	26.48	10807662.0	73.52
SRX4105567	13096105.0	1690562.0	12.91	11405543.0	87.09
SRX4105568	15013073.0	3191934.0	21.26	11821139.0	78.74
SRX5055969	11275105.0	5236697.0	46.44	6038408.0	53.56
SRX5055970	10901590.0	5023275.0	46.08	5878315.0	53.92
SRX5055971	10912523.0	5155092.0	47.24	5757431.0	52.76
SRX5055972	9728686.0	4401666.0	45.24	5327020.0	54.76
SRX689242	1132707.0	887918.0	78.39	244789.0	21.61
SRX7119038	11275105.0	5236697.0	46.44	6038408.0	53.56
SRX7119039	10901590.0	5023277.0	46.08	5878313.0	53.92
SRX7119040	9386774.0	4254277.0	45.32	5132497.0	54.68
SRX7119041	11126621.0	5175256.0	46.51	5951365.0	53.49
SRX8650808	43349072.0	40721601.0	93.94	2627471.0	6.06
UV_control_1	12751861.0	11979573.0	93.94	772288.0	6.06
UV_control_2	9071300.0	8778467.0	96.77	292833.0	3.23
UV_control_3	11668109.0	11341595.0	97.2	326514.0	2.8
UV_exposure_2	12588392.0	12192005.0	96.85	396387.0	3.15
UV_exposure_3	11329696.0	11073933.0	97.74	255763.0	2.26
dark_4h_0110_KO_1	13340092.0	12700414.0	95.2	639678.0	4.8
dark_4h_0110_KO_2	11099544.0	10579177.0	95.31	520367.0	4.69
dark_4h_0616_KO_1	10454277.0	9756146.0	93.32	698131.0	6.68
dark_4h_0616_KO_2	12451307.0	11864185.0	95.28	587122.0	4.72
dark_4h_1684_KO_1	10173270.0	9707340.0	95.42	465930.0	4.58
dark_4h_1684_KO_2	7633047.0	7229059.0	94.71	403988.0	5.29
km_LL_1	11744332.0	11324472.0	96.42	419860.0	3.58
km_LL_2	12923458.0	12425651.0	96.15	497807.0	3.85
km_dark_4h_1	9885299.0	9239291.0	93.46	646008.0	6.54
km_dark_4h_2	12892591.0	12070594.0	93.62	821997.0	6.38
light_0110_KO_1	12295793.0	11901881.0	96.8	393912.0	3.2
light_0110_KO_2	13686087.0	13291582.0	97.12	394505.0	2.88
light_0616_KO_1	9562722.0	9017499.0	94.3	545223.0	5.7
light_0616_KO_2	12919964.0	12110299.0	93.73	809665.0	6.27
light_1684_KO_1	14194683.0	13666070.0	96.28	528613.0	3.72
light_1684_KO_2	10487002.0	10202178.0	97.28	284824.0	2.72
post_uv_2hrs_1	10177084.0	9782719.0	96.12	394365.0	3.88
post_uv_2hrs_2	8780357.0	8303920.0	94.57	476437.0	5.43
post_uv_2hrs_3	9835808.0	9280009.0	94.35	555799.0	5.65
post_uv_control_1	9492312.0	9156207.0	96.46	336105.0	3.54
post_uv_control_2	11149945.0	10498269.0	94.16	651676.0	5.84
wt_LL_1	9000373.0	8683525.0	96.48	316848.0	3.52
wt_LL_2	10369652.0	9977033.0	96.21	392619.0	3.79
wt_dark_4h_1	11921051.0	11255097.0	94.41	665954.0	5.59
wt_dark_4h_2	10582305.0	10042398.0	94.9	539907.0	5.1
