Sample	Total	Assigned	Unassigned_rRNA	Unassigned_Unmapped	Unassigned_Read_Type	Unassigned_Singleton	Unassigned_MappingQuality	Unassigned_Chimera	Unassigned_FragmentLength	Unassigned_Duplicate	Unassigned_MultiMapping	Unassigned_Secondary	Unassigned_NonSplit	Unassigned_NoFeatures	Unassigned_Overlapping_Length	Unassigned_Ambiguity	percent_assigned
SRX15590299	6402403	4660541	26418	122164	0	0	0	0	0	0	0	0	0	1295472	292921	4887	72.79362139496686
SRX15590300	7040958	5112274	23793	131967	0	0	0	0	0	0	0	0	0	1445305	325093	2526	72.60764799335546
SRX15590301	7521525	5757946	33721	122809	0	0	0	0	0	0	0	0	0	1246156	354654	6239	76.55290649170215
SRX15590302	7042880	230991	125	137536	0	0	0	0	0	0	0	0	0	6627115	47014	99	3.2797804307328824
SRX15590303	7070903	193026	214	148394	0	0	0	0	0	0	0	0	0	6687929	41268	72	2.729863498339604
SRX15590304	6869606	3944642	36911	1442515	0	0	0	0	0	0	0	0	0	1182370	261152	2016	57.42166290177341
SRX15590305	6758127	4795565	26374	135612	0	0	0	0	0	0	0	0	0	1487148	309003	4425	70.95997160159908
SRX15590306	6699604	4803643	30630	144382	0	0	0	0	0	0	0	0	0	1408501	307954	4494	71.7004019939089
SRX15590307	5916773	4364684	24317	121607	0	0	0	0	0	0	0	0	0	1124702	277119	4344	73.76798129656149
SRX15590308	7000688	4823784	35881	139625	0	0	0	0	0	0	0	0	0	1674795	322225	4378	68.90442767910811
SRX15590309	6701834	4672498	45019	159099	0	0	0	0	0	0	0	0	0	1519912	301135	4171	69.71969165455306
SRX15590310	6882776	4501510	29658	543344	0	0	0	0	0	0	0	0	0	1479406	327069	1789	65.4025352561234
SRX15590311	7580689	4527930	26279	158335	0	0	0	0	0	0	0	0	0	2567919	294453	5773	59.729795009398224
SRX15590312	8609673	4811606	56025	218474	0	0	0	0	0	0	0	0	0	3215175	302497	5896	55.8860481693091
SRX15590313	7738940	5021690	25671	143826	0	0	0	0	0	0	0	0	0	2221082	320272	6399	64.88860231504573
SRX15590314	7392133	3901846	22200	164224	0	0	0	0	0	0	0	0	0	3044091	255226	4546	52.78376349559728
SRX15590315	7767436	5026656	138931	162928	0	0	0	0	0	0	0	0	0	2151143	282640	5138	64.71448235942981
SRX15590316	6527666	4401988	14469	126000	0	0	0	0	0	0	0	0	0	1691516	288440	5253	67.4358645188035
SRX15590317	7116554	3169496	58024	149683	0	0	0	0	0	0	0	0	0	3532563	202738	4050	44.53694864115413
SRX15590318	6948799	2565358	53388	152723	0	0	0	0	0	0	0	0	0	3999507	174403	3420	36.91800554311616
SRX15590319	6930838	2862428	30460	137787	0	0	0	0	0	0	0	0	0	3704060	192117	3986	41.29988321758494
SRX15947806	9514921	5535990	1647123	389875	0	0	0	0	118691	0	0	0	0	1454681	292294	76267	58.182196152758394
SRX15947807	12751861	9606787	645489	772288	0	0	0	0	320670	0	0	0	0	520098	614832	271697	75.33635286645612
SRX15947808	12588392	7692508	1529833	396387	0	0	0	0	167078	0	0	0	0	2270600	423781	108205	61.1079477029314
SRX15947809	9071300	5471904	985377	292833	0	0	0	0	119140	0	0	0	0	1797489	312164	92393	60.321056518911284
SRX15947810	11329696	6778310	2150448	255763	0	0	0	0	162224	0	0	0	0	1505231	358894	118826	59.82781885762866
SRX15947812	11668109	6807708	2211302	326514	0	0	0	0	236649	0	0	0	0	1522659	406028	157249	58.34456980132771
SRX15947813	10177084	5645067	2364033	394365	0	0	0	0	202006	0	0	0	0	1102200	328263	141150	55.46841315252974
SRX15947814	9492312	5128042	2275192	336105	0	0	0	0	167636	0	0	0	0	1171321	299183	114833	54.023108384975124
SRX15947815	8780357	6895079	295433	476437	0	0	0	0	167403	0	0	0	0	335034	421768	189203	78.52845846700767
SRX15947816	9835808	7667886	433479	555799	0	0	0	0	159344	0	0	0	0	382186	465088	172026	77.95888248326929
UV_control_1	12751861	9606809	645489	772288	0	0	0	0	320644	0	0	0	0	520098	614831	271702	75.33652539029401
UV_control_2	9071300	5472149	985377	292833	0	0	0	0	118902	0	0	0	0	1797486	312160	92393	60.32375734459229
UV_control_3	11668109	6807732	2211302	326514	0	0	0	0	236623	0	0	0	0	1522657	406032	157249	58.3447754901844
UV_exposure_2	12588392	7692292	1529833	396387	0	0	0	0	167318	0	0	0	0	2270583	423775	108204	61.10623183644106
UV_exposure_3	11329696	6778373	2150448	255763	0	0	0	0	162170	0	0	0	0	1505221	358895	118826	59.82837491844442
dark_4h_0110_KO_1	13340092	9272653	1709579	639678	0	0	0	0	103967	0	0	0	0	851427	602758	160030	69.50966305179904
dark_4h_0110_KO_2	11099544	7642854	1318376	520367	0	0	0	0	154294	0	0	0	0	786493	515958	161202	68.8573692757108
dark_4h_0616_KO_1	10454277	7678211	610703	698131	0	0	0	0	275358	0	0	0	0	471156	507719	212999	73.44564334769397
dark_4h_0616_KO_2	12451307	8774752	1207361	587122	0	0	0	0	172466	0	0	0	0	891248	600912	217446	70.47253754164122
dark_4h_1684_KO_1	10173270	3634626	1572232	465930	0	0	0	0	183629	0	0	0	0	3960647	303980	52226	35.727214553432674
dark_4h_1684_KO_2	7633047	2847611	643969	403988	0	0	0	0	108513	0	0	0	0	3365280	230533	33153	37.30634699354006
km_LL_1	11744332	6172690	1418613	419860	0	0	0	0	187840	0	0	0	0	3040454	399557	105318	52.558885426604085
km_LL_2	12923458	9732601	1169042	497807	0	0	0	0	126632	0	0	0	0	646114	560407	190855	75.30957271652835
km_dark_4h_1	9885299	6002771	1683514	646008	0	0	0	0	249288	0	0	0	0	733776	400823	169119	60.72422290919071
km_dark_4h_2	12892591	9119247	950653	821997	0	0	0	0	201907	0	0	0	0	976118	593354	229315	70.73246176815816
light_0110_KO_1	12295793	7045689	1364789	393912	0	0	0	0	160983	0	0	0	0	2784705	429935	115780	57.30162340891718
light_0110_KO_2	13686087	10158216	1432948	394505	0	0	0	0	161993	0	0	0	0	737997	591685	208743	74.22293895983564
light_0616_KO_1	9562722	7166745	379061	545223	0	0	0	0	342947	0	0	0	0	418451	476708	233587	74.94461305055192
light_0616_KO_2	12919964	9628753	849803	809665	0	0	0	0	161327	0	0	0	0	636291	613607	220518	74.52615967041393
light_1684_KO_1	14194683	10296574	1691258	528613	0	0	0	0	198258	0	0	0	0	629677	601560	248743	72.53824548248102
light_1684_KO_2	10487002	6280420	1670989	284824	0	0	0	0	161602	0	0	0	0	1641072	344106	103989	59.88765902781367
post_uv_2hrs_1	10177084	5645014	2364033	394365	0	0	0	0	202073	0	0	0	0	1102199	328250	141150	55.46789237467236
post_uv_2hrs_2	8780357	6895060	295433	476437	0	0	0	0	167431	0	0	0	0	335034	421765	189197	78.52824207489513
post_uv_2hrs_3	9835808	7667848	433479	555799	0	0	0	0	159386	0	0	0	0	382186	465087	172023	77.9584961398189
post_uv_control_1	9492312	5128005	2275192	336105	0	0	0	0	167677	0	0	0	0	1171318	299182	114833	54.02271859584894
post_uv_control_2	11149945	8723919	240119	651676	0	0	0	0	338235	0	0	0	0	369672	522933	303391	78.24181195512624
wt_LL_1	9000373	4615696	899592	316848	0	0	0	0	190120	0	0	0	0	2600051	304509	73557	51.28338569968156
wt_LL_2	10369652	5539628	1001100	392619	0	0	0	0	152508	0	0	0	0	2853643	347264	82890	53.421542015103306
wt_dark_4h_1	11921051	8242220	1233055	665954	0	0	0	0	206466	0	0	0	0	839241	527762	206353	69.14004478296418
wt_dark_4h_2	10582305	3794025	1002266	539907	0	0	0	0	223089	0	0	0	0	4619563	331905	71550	35.85253874274083
